115.43 113.86 112.65 111.82 111.42 111.45 111.92 112.81 114.09 115.7 117.61 119.75 122.06 124.47 126.92 129.35 131.7 133.92 135.97 137.79 139.36 140.64 141.62 142.27 142.59 142.56 142.2 141.49 140.47 139.13 137.52 135.66 133.59 131.35 128.98 126.55 124.1 121.7 119.41 117.3 
115.83 114.26 113.04 112.22 111.82 111.85 112.32 113.21 114.48 116.1 118.01 120.15 122.46 124.87 127.32 129.75 132.1 134.32 136.36 138.19 139.76 141.04 142.02 142.67 142.99 142.96 142.59 141.89 140.86 139.53 137.92 136.06 133.99 131.74 129.38 126.94 124.49 122.09 119.81 117.7 
116.22 114.66 113.44 112.62 112.21 112.25 112.72 113.6 114.88 116.49 118.4 120.54 122.85 125.26 127.71 130.14 132.49 134.71 136.76 138.58 140.15 141.44 142.41 143.07 143.38 143.36 142.99 142.28 141.26 139.93 138.32 136.45 134.38 132.14 129.77 127.33 124.89 122.49 120.2 118.09 
116.62 115.05 113.84 113.01 112.61 112.64 113.11 114 115.27 116.89 118.8 120.94 123.24 125.66 128.11 130.54 132.89 135.11 137.15 138.98 140.55 141.83 142.81 143.46 143.78 143.75 143.39 142.68 141.65 140.32 138.71 136.85 134.78 132.53 130.16 127.73 125.28 122.88 120.59 118.49 
117.02 115.45 114.23 113.41 113.01 113.04 113.51 114.39 115.67 117.28 119.19 121.33 123.64 126.05 128.5 130.93 133.28 135.5 137.55 139.37 140.94 142.23 143.21 143.86 144.18 144.15 143.78 143.08 142.05 140.72 139.11 137.24 135.17 132.92 130.56 128.12 125.67 123.27 120.99 118.88 
117.41 115.84 114.63 113.8 113.4 113.44 113.9 114.79 116.06 117.68 119.59 121.72 124.03 126.44 128.89 131.32 133.67 135.9 137.94 139.77 141.34 142.62 143.6 144.26 144.57 144.55 144.18 143.47 142.45 141.11 139.5 137.64 135.56 133.32 130.95 128.51 126.07 123.67 121.38 119.28 
117.8 116.24 115.02 114.2 113.8 113.83 114.3 115.18 116.46 118.07 119.98 122.12 124.42 126.83 129.28 131.71 134.07 136.29 138.33 140.16 141.73 143.02 144 144.65 144.97 144.94 144.57 143.87 142.84 141.51 139.89 138.03 135.96 133.71 131.34 128.91 126.46 124.06 121.78 119.67 
118.2 116.63 115.42 114.59 114.19 114.23 114.69 115.58 116.85 118.47 120.37 122.51 124.82 127.23 129.68 132.11 134.46 136.68 138.73 140.55 142.13 143.41 144.39 145.05 145.36 145.34 144.97 144.26 143.23 141.9 140.29 138.42 136.35 134.1 131.74 129.3 126.85 124.45 122.17 120.06 
118.59 117.02 115.81 114.99 114.59 114.62 115.09 115.97 117.24 118.86 120.77 122.9 125.21 127.62 130.07 132.5 134.85 137.07 139.12 140.95 142.52 143.81 144.79 145.44 145.76 145.73 145.36 144.66 143.63 142.29 140.68 138.82 136.74 134.5 132.13 129.69 127.24 124.84 122.56 120.45 
118.98 117.42 116.2 115.38 114.98 115.01 115.48 116.37 117.64 119.25 121.16 123.29 125.6 128.01 130.46 132.89 135.24 137.47 139.51 141.34 142.91 144.2 145.18 145.83 146.15 146.12 145.76 145.05 144.02 142.69 141.07 139.21 137.13 134.89 132.52 130.08 127.63 125.23 122.95 120.85 
119.37 117.81 116.6 115.77 115.37 115.41 115.87 116.76 118.03 119.64 121.55 123.68 125.99 128.4 130.85 133.28 135.63 137.86 139.9 141.73 143.3 144.59 145.57 146.23 146.54 146.52 146.15 145.44 144.41 143.08 141.46 139.6 137.52 135.28 132.91 130.47 128.02 125.62 123.34 121.24 
119.76 118.2 116.99 116.17 115.76 115.8 116.27 117.15 118.42 120.03 121.94 124.07 126.38 128.79 131.24 133.67 136.02 138.25 140.29 142.12 143.69 144.98 145.96 146.62 146.94 146.91 146.54 145.83 144.8 143.47 141.85 139.99 137.91 135.67 133.3 130.86 128.41 126.01 123.73 121.63 
120.15 118.59 117.38 116.56 116.15 116.19 116.66 117.54 118.81 120.42 122.33 124.46 126.77 129.18 131.63 134.06 136.41 138.63 140.68 142.51 144.08 145.37 146.35 147.01 147.33 147.3 146.93 146.22 145.19 143.86 142.24 140.38 138.3 136.05 133.68 131.25 128.8 126.4 124.12 122.02 
120.54 118.98 117.77 116.94 116.54 116.58 117.04 117.93 119.2 120.81 122.71 124.85 127.15 129.56 132.01 134.44 136.8 139.02 141.07 142.9 144.47 145.76 146.74 147.4 147.72 147.69 147.32 146.61 145.58 144.25 142.63 140.77 138.69 136.44 134.07 131.63 129.19 126.79 124.51 122.4 
120.93 119.37 118.15 117.33 116.93 116.97 117.43 118.32 119.58 121.2 123.1 125.23 127.54 129.95 132.4 134.83 137.18 139.41 141.46 143.28 144.86 146.15 147.13 147.79 148.1 148.08 147.71 147 145.97 144.63 143.02 141.15 139.07 136.83 134.46 132.02 129.57 127.17 124.89 122.79 
121.31 119.75 118.54 117.72 117.32 117.35 117.82 118.7 119.97 121.58 123.49 125.62 127.92 130.33 132.78 135.21 137.57 139.79 141.84 143.67 145.25 146.54 147.52 148.17 148.49 148.46 148.09 147.39 146.36 145.02 143.4 141.54 139.46 137.21 134.84 132.4 129.96 127.56 125.28 123.17 
121.7 120.14 118.92 118.1 117.7 117.74 118.2 119.09 120.36 121.97 123.87 126 128.31 130.71 133.16 135.6 137.95 140.18 142.22 144.05 145.63 146.92 147.9 148.56 148.88 148.85 148.48 147.77 146.74 145.4 143.79 141.92 139.84 137.59 135.22 132.79 130.34 127.94 125.66 123.56 
122.08 120.52 119.31 118.49 118.09 118.12 118.59 119.47 120.74 122.35 124.25 126.38 128.69 131.1 133.55 135.98 138.33 140.56 142.61 144.44 146.01 147.3 148.29 148.94 149.26 149.23 148.86 148.16 147.12 145.79 144.17 142.3 140.22 137.98 135.61 133.17 130.72 128.32 126.04 123.94 
122.46 120.9 119.69 118.87 118.47 118.5 118.97 119.85 121.12 122.73 124.63 126.76 129.07 131.48 133.93 136.36 138.71 140.94 142.99 144.82 146.39 147.69 148.67 149.32 149.64 149.62 149.24 148.54 147.51 146.17 144.55 142.68 140.6 138.36 135.98 133.55 131.1 128.7 126.42 124.32 
122.84 121.28 120.07 119.25 118.85 118.88 119.35 120.23 121.5 123.11 125.01 127.14 129.45 131.85 134.3 136.73 139.09 141.32 143.37 145.2 146.77 148.07 149.05 149.7 150.02 150 149.63 148.92 147.89 146.55 144.93 143.06 140.98 138.73 136.36 133.92 131.48 129.08 126.8 124.7 
123.22 121.66 120.45 119.63 119.23 119.26 119.73 120.61 121.88 123.49 125.39 127.52 129.82 132.23 134.68 137.11 139.47 141.69 143.74 145.57 147.15 148.44 149.43 150.08 150.4 150.37 150 149.3 148.26 146.93 145.31 143.44 141.36 139.11 136.74 134.3 131.85 129.46 127.18 125.08 
123.59 122.03 120.82 120.01 119.61 119.64 120.11 120.99 122.25 123.86 125.76 127.89 130.2 132.6 135.05 137.49 139.84 142.07 144.12 145.95 147.53 148.82 149.8 150.46 150.78 150.75 150.38 149.67 148.64 147.3 145.68 143.81 141.73 139.48 137.11 134.68 132.23 129.83 127.55 125.45 
123.97 122.41 121.2 120.38 119.98 120.01 120.48 121.36 122.63 124.24 126.13 128.27 130.57 132.98 135.43 137.86 140.21 142.44 144.49 146.32 147.9 149.19 150.18 150.83 151.15 151.13 150.76 150.05 149.01 147.68 146.06 144.19 142.11 139.86 137.49 135.05 132.6 130.2 127.93 125.83 
124.34 122.78 121.57 120.75 120.35 120.39 120.85 121.73 123 124.61 126.51 128.64 130.94 133.35 135.8 138.23 140.58 142.81 144.86 146.7 148.27 149.57 150.55 151.21 151.53 151.5 151.13 150.42 149.39 148.05 146.43 144.56 142.48 140.23 137.86 135.42 132.97 130.58 128.3 126.2 
124.71 123.15 121.94 121.12 120.72 120.76 121.22 122.1 123.37 124.98 126.87 129.01 131.31 133.71 136.16 138.6 140.95 143.18 145.23 147.06 148.64 149.94 150.92 151.58 151.9 151.87 151.5 150.79 149.76 148.42 146.8 144.93 142.85 140.6 138.22 135.79 133.34 130.94 128.66 126.57 
125.07 123.52 122.31 121.49 121.09 121.13 121.59 122.47 123.74 125.34 127.24 129.37 131.67 134.08 136.53 138.96 141.32 143.55 145.6 147.43 149.01 150.3 151.29 151.95 152.26 152.24 151.87 151.16 150.12 148.78 147.16 145.29 143.21 140.96 138.59 136.15 133.7 131.31 129.03 126.93 
125.44 123.88 122.67 121.86 121.46 121.49 121.96 122.84 124.1 125.71 127.61 129.74 132.04 134.44 136.89 139.33 141.68 143.91 145.96 147.8 149.38 150.67 151.65 152.31 152.63 152.6 152.23 151.52 150.49 149.15 147.53 145.66 143.58 141.33 138.95 136.52 134.07 131.67 129.39 127.3 
125.8 124.24 123.04 122.22 121.82 121.86 122.32 123.2 124.46 126.07 127.97 130.1 132.4 134.8 137.25 139.69 142.04 144.27 146.32 148.16 149.74 151.03 152.02 152.67 152.99 152.97 152.6 151.89 150.85 149.51 147.89 146.02 143.94 141.69 139.31 136.88 134.43 132.03 129.76 127.66 
126.16 124.6 123.4 122.58 122.18 122.22 122.68 123.56 124.82 126.43 128.33 130.46 132.76 135.16 137.61 140.05 142.4 144.63 146.68 148.52 150.1 151.39 152.38 153.04 153.35 153.33 152.96 152.25 151.21 149.87 148.25 146.38 144.3 142.05 139.67 137.23 134.79 132.39 130.12 128.02 
126.52 124.96 123.76 122.94 122.54 122.57 123.04 123.92 125.18 126.79 128.68 130.81 133.11 135.52 137.97 140.4 142.76 144.99 147.04 148.88 150.46 151.75 152.74 153.39 153.71 153.69 153.31 152.6 151.57 150.23 148.61 146.74 144.65 142.4 140.03 137.59 135.14 132.75 130.47 128.37 
126.87 125.32 124.11 123.29 122.9 122.93 123.39 124.27 125.54 127.14 129.04 131.17 133.47 135.87 138.32 140.75 143.11 145.34 147.39 149.23 150.81 152.11 153.09 153.75 154.07 154.04 153.67 152.96 151.93 150.58 148.96 147.09 145.01 142.76 140.38 137.94 135.5 133.1 130.83 128.73 
127.22 125.67 124.46 123.65 123.25 123.28 123.75 124.62 125.89 127.49 129.39 131.52 133.82 136.22 138.67 141.11 143.46 145.69 147.75 149.58 151.16 152.46 153.44 154.1 154.42 154.39 154.02 153.31 152.28 150.94 149.31 147.44 145.36 143.11 140.73 138.29 135.85 133.45 131.18 129.08 
127.57 126.02 124.81 124 123.6 123.63 124.1 124.97 126.24 127.84 129.74 131.87 134.16 136.57 139.02 141.45 143.81 146.04 148.09 149.93 151.51 152.81 153.79 154.45 154.77 154.74 154.37 153.66 152.63 151.29 149.66 147.79 145.71 143.45 141.08 138.64 136.2 133.8 131.52 129.43 
127.92 126.36 125.16 124.34 123.95 123.98 124.44 125.32 126.58 128.19 130.08 132.21 134.51 136.92 139.37 141.8 144.16 146.39 148.44 150.28 151.86 153.15 154.14 154.8 155.12 155.09 154.72 154.01 152.97 151.63 150.01 148.14 146.05 143.8 141.43 138.99 136.54 134.15 131.87 129.77 
128.26 126.71 125.5 124.69 124.29 124.32 124.79 125.66 126.93 128.53 130.42 132.55 134.85 137.26 139.71 142.14 144.5 146.73 148.78 150.62 152.2 153.5 154.48 155.14 155.46 155.43 155.06 154.35 153.32 151.97 150.35 148.48 146.39 144.14 141.77 139.33 136.88 134.49 132.21 130.12 
128.6 127.05 125.84 125.03 124.63 124.66 125.13 126 127.27 128.87 130.76 132.89 135.19 137.6 140.05 142.48 144.84 147.07 149.12 150.96 152.54 153.84 154.82 155.48 155.8 155.77 155.4 154.69 153.66 152.31 150.69 148.82 146.73 144.48 142.11 139.67 137.22 134.83 132.55 130.45 
128.94 127.38 126.18 125.37 124.97 125 125.46 126.34 127.6 129.21 131.1 133.23 135.53 137.93 140.38 142.81 145.17 147.4 149.46 151.29 152.88 154.17 155.16 155.82 156.14 156.11 155.74 155.03 153.99 152.65 151.03 149.15 147.07 144.82 142.44 140 137.56 135.16 132.89 130.79 
129.27 127.72 126.51 125.7 125.3 125.34 125.8 126.68 127.94 129.54 131.43 133.56 135.86 138.26 140.71 143.15 145.5 147.74 149.79 151.63 153.21 154.51 155.49 156.15 156.47 156.45 156.07 155.36 154.33 152.98 151.36 149.49 147.4 145.15 142.77 140.33 137.89 135.49 133.22 131.12 
129.6 128.05 126.84 126.03 125.63 125.67 126.13 127.01 128.27 129.87 131.76 133.89 136.19 138.59 141.04 143.47 145.83 148.06 150.12 151.96 153.54 154.84 155.83 156.48 156.8 156.78 156.4 155.69 154.66 153.31 151.69 149.82 147.73 145.48 143.1 140.66 138.22 135.82 133.55 131.45 
129.93 128.37 127.17 126.36 125.96 125.99 126.46 127.33 128.59 130.19 132.09 134.21 136.51 138.92 141.37 143.8 146.16 148.39 150.45 152.28 153.87 155.16 156.15 156.81 157.13 157.1 156.73 156.02 154.98 153.64 152.02 150.14 148.06 145.8 143.43 140.99 138.54 136.15 133.87 131.78 
130.25 128.7 127.49 126.68 126.28 126.32 126.78 127.66 128.92 130.52 132.41 134.54 136.83 139.24 141.69 144.12 146.48 148.71 150.77 152.61 154.19 155.49 156.48 157.14 157.45 157.43 157.06 156.34 155.31 153.96 152.34 150.46 148.38 146.12 143.75 141.31 138.86 136.47 134.2 132.1 
130.57 129.02 127.81 127 126.6 126.64 127.1 127.98 129.24 130.84 132.73 134.85 137.15 139.56 142.01 144.44 146.8 149.03 151.09 152.93 154.51 155.81 156.8 157.46 157.77 157.75 157.38 156.66 155.63 154.28 152.66 150.78 148.7 146.44 144.07 141.63 139.18 136.79 134.51 132.42 
130.88 129.33 128.13 127.32 126.92 126.95 127.42 128.29 129.55 131.15 133.04 135.17 137.47 139.87 142.32 144.75 147.11 149.35 151.4 153.24 154.83 156.12 157.11 157.77 158.09 158.06 157.69 156.98 155.94 154.6 152.97 151.1 149.01 146.76 144.38 141.94 139.5 137.1 134.83 132.74 
131.2 129.64 128.44 127.63 127.23 127.27 127.73 128.6 129.86 131.46 133.36 135.48 137.78 140.18 142.63 145.07 147.42 149.66 151.71 153.55 155.14 156.44 157.42 158.08 158.4 158.38 158 157.29 156.26 154.91 153.28 151.41 149.32 147.07 144.69 142.25 139.81 137.41 135.14 133.05 
131.5 129.95 128.75 127.94 127.54 127.57 128.04 128.91 130.17 131.77 133.66 135.79 138.08 140.49 142.94 145.37 147.73 149.96 152.02 153.86 155.45 156.74 157.73 158.39 158.71 158.69 158.31 157.6 156.56 155.22 153.59 151.72 149.63 147.37 145 142.56 140.11 137.72 135.45 133.35 
131.81 130.26 129.06 128.24 127.85 127.88 128.34 129.22 130.47 132.08 133.97 136.09 138.39 140.79 143.24 145.68 148.03 150.27 152.33 154.16 155.75 157.05 158.04 158.7 159.02 158.99 158.62 157.91 156.87 155.52 153.9 152.02 149.93 147.68 145.3 142.86 140.42 138.02 135.75 133.66 
132.11 130.56 129.36 128.54 128.15 128.18 128.64 129.52 130.78 132.38 134.27 136.39 138.69 141.09 143.54 145.97 148.33 150.57 152.62 154.46 156.05 157.35 158.34 159 159.32 159.29 158.92 158.21 157.17 155.82 154.2 152.32 150.23 147.98 145.6 143.16 140.72 138.32 136.05 133.96 
132.4 130.85 129.65 128.84 128.44 128.48 128.94 129.81 131.07 132.67 134.56 136.69 138.98 141.39 143.84 146.27 148.63 150.86 152.92 154.76 156.35 157.65 158.63 159.3 159.61 159.59 159.22 158.5 157.46 156.12 154.49 152.62 150.53 148.27 145.9 143.46 141.01 138.62 136.35 134.25 
132.7 131.15 129.94 129.13 128.74 128.77 129.23 130.11 131.36 132.96 134.85 136.98 139.27 141.68 144.13 146.56 148.92 151.15 153.21 155.05 156.64 157.94 158.93 159.59 159.91 159.88 159.51 158.8 157.76 156.41 154.78 152.91 150.82 148.56 146.19 143.75 141.3 138.91 136.64 134.54 
132.98 131.43 130.23 129.42 129.02 129.06 129.52 130.39 131.65 133.25 135.14 137.26 139.56 141.96 144.41 146.85 149.21 151.44 153.5 155.34 156.93 158.23 159.21 159.88 160.2 160.17 159.8 159.08 158.04 156.7 155.07 153.19 151.11 148.85 146.47 144.03 141.59 139.2 136.92 134.83 
133.27 131.72 130.52 129.7 129.31 129.34 129.8 130.68 131.93 133.53 135.42 137.55 139.84 142.25 144.7 147.13 149.49 151.72 153.78 155.62 157.21 158.51 159.5 160.16 160.48 160.45 160.08 159.37 158.33 156.98 155.35 153.48 151.39 149.13 146.76 144.32 141.87 139.48 137.21 135.11 
133.54 132 130.8 129.98 129.59 129.62 130.08 130.96 132.21 133.81 135.7 137.82 140.12 142.52 144.97 147.41 149.77 152 154.06 155.9 157.49 158.79 159.78 160.44 160.76 160.73 160.36 159.65 158.61 157.26 155.63 153.76 151.67 149.41 147.03 144.59 142.15 139.76 137.48 135.39 
133.82 132.27 131.07 130.26 129.86 129.9 130.36 131.23 132.49 134.09 135.98 138.1 140.39 142.8 145.25 147.68 150.04 152.28 154.33 156.18 157.76 159.06 160.05 160.71 161.03 161.01 160.63 159.92 158.88 157.54 155.91 154.03 151.94 149.68 147.31 144.87 142.42 140.03 137.76 135.67 
134.09 132.54 131.34 130.53 130.13 130.17 130.63 131.5 132.76 134.36 136.25 138.37 140.66 143.07 145.52 147.95 150.31 152.55 154.6 156.45 158.03 159.33 160.32 160.98 161.31 161.28 160.9 160.19 159.15 157.81 156.18 154.3 152.21 149.95 147.58 145.14 142.69 140.3 138.03 135.94 
134.35 132.81 131.61 130.8 130.4 130.43 130.89 131.77 133.02 134.62 136.51 138.63 140.93 143.33 145.78 148.21 150.58 152.81 154.87 156.71 158.3 159.6 160.59 161.25 161.57 161.54 161.17 160.46 159.42 158.07 156.44 154.56 152.48 150.22 147.84 145.4 142.96 140.56 138.29 136.2 
134.62 133.07 131.87 131.06 130.66 130.69 131.16 132.03 133.28 134.88 136.77 138.89 141.19 143.59 146.04 148.47 150.84 153.07 155.13 156.97 158.56 159.86 160.85 161.51 161.83 161.81 161.43 160.72 159.68 158.33 156.7 154.83 152.74 150.48 148.1 145.66 143.22 140.82 138.55 136.46 
134.87 133.32 132.12 131.31 130.92 130.95 131.41 132.29 133.54 135.14 137.03 139.15 141.44 143.85 146.3 148.73 151.09 153.33 155.39 157.23 158.82 160.12 161.11 161.77 162.09 162.06 161.69 160.98 159.94 158.59 156.96 155.08 152.99 150.73 148.36 145.92 143.47 141.08 138.81 136.72 
135.12 133.58 132.38 131.57 131.17 131.2 131.66 132.54 133.79 135.39 137.28 139.4 141.69 144.1 146.55 148.98 151.34 153.58 155.64 157.48 159.07 160.37 161.36 162.02 162.34 162.31 161.94 161.23 160.19 158.84 157.21 155.33 153.24 150.98 148.61 146.17 143.72 141.33 139.06 136.97 
135.37 133.82 132.62 131.81 131.42 131.45 131.91 132.78 134.04 135.64 137.52 139.65 141.94 144.34 146.79 149.23 151.59 153.82 155.88 157.73 159.31 160.62 161.61 162.27 162.59 162.56 162.19 161.47 160.43 159.09 157.46 155.58 153.49 151.23 148.85 146.41 143.97 141.58 139.31 137.22 
135.61 134.06 132.87 132.05 131.66 131.69 132.15 133.03 134.28 135.88 137.77 139.89 142.18 144.58 147.03 149.47 151.83 154.06 156.12 157.97 159.56 160.86 161.85 162.51 162.83 162.8 162.43 161.72 160.68 159.33 157.7 155.82 153.73 151.47 149.1 146.65 144.21 141.82 139.55 137.46 
135.85 134.3 133.1 132.29 131.9 131.93 132.39 133.26 134.52 136.11 138 140.12 142.42 144.82 147.27 149.7 152.07 154.3 156.36 158.2 159.79 161.09 162.09 162.75 163.07 163.04 162.67 161.95 160.91 159.56 157.94 156.06 153.97 151.71 149.33 146.89 144.44 142.05 139.78 137.69 
136.08 134.53 133.33 132.52 132.13 132.16 132.62 133.5 134.75 136.35 138.23 140.35 142.65 145.05 147.5 149.93 152.3 154.53 156.59 158.44 160.02 161.33 162.32 162.98 163.3 163.27 162.9 162.19 161.14 159.8 158.17 156.29 154.2 151.94 149.56 147.12 144.68 142.29 140.01 137.92 
136.31 134.76 133.56 132.75 132.36 132.39 132.85 133.72 134.98 136.57 138.46 140.58 142.87 145.28 147.73 150.16 152.52 154.76 156.82 158.66 160.25 161.55 162.54 163.21 163.53 163.5 163.13 162.41 161.37 160.02 158.39 156.51 154.42 152.16 149.79 147.35 144.9 142.51 140.24 138.15 
136.53 134.98 133.78 132.97 132.58 132.61 133.07 133.94 135.2 136.79 138.68 140.8 143.1 145.5 147.95 150.38 152.74 154.98 157.04 158.88 160.47 161.78 162.77 163.43 163.75 163.72 163.35 162.63 161.59 160.25 158.62 156.74 154.64 152.39 150.01 147.57 145.12 142.73 140.46 138.37 
136.74 135.2 134 133.19 132.8 132.83 133.29 134.16 135.41 137.01 138.9 141.02 143.31 145.71 148.16 150.6 152.96 155.2 157.26 159.1 160.69 161.99 162.98 163.65 163.97 163.94 163.57 162.85 161.81 160.46 158.83 156.95 154.86 152.6 150.23 147.78 145.34 142.95 140.68 138.59 
136.95 135.41 134.21 133.4 133.01 133.04 133.5 134.37 135.63 137.22 139.11 141.23 143.52 145.92 148.37 150.81 153.17 155.41 157.47 159.31 160.9 162.2 163.2 163.86 164.18 164.15 163.78 163.06 162.02 160.67 159.04 157.16 155.07 152.81 150.44 148 145.55 143.16 140.89 138.8 
137.16 135.62 134.42 133.61 133.21 133.25 133.71 134.58 135.83 137.43 139.31 141.43 143.73 146.13 148.58 151.01 153.38 155.61 157.67 159.52 161.11 162.41 163.4 164.06 164.39 164.36 163.98 163.27 162.23 160.88 159.25 157.37 155.28 153.02 150.64 148.2 145.75 143.36 141.09 139.01 
137.36 135.82 134.62 133.81 133.42 133.45 133.91 134.78 136.03 137.63 139.51 141.63 143.93 146.33 148.78 151.21 153.58 155.81 157.87 159.72 161.31 162.61 163.6 164.27 164.59 164.56 164.19 163.47 162.43 161.08 159.45 157.57 155.48 153.22 150.84 148.4 145.95 143.56 141.29 139.21 
137.56 136.01 134.81 134.01 133.61 133.64 134.1 134.98 136.23 137.82 139.71 141.83 144.12 146.52 148.97 151.41 153.77 156.01 158.07 159.91 161.5 162.81 163.8 164.46 164.78 164.76 164.38 163.67 162.62 161.28 159.64 157.76 155.67 153.41 151.04 148.6 146.15 143.76 141.49 139.4 
137.75 136.2 135.01 134.2 133.8 133.83 134.29 135.17 136.42 138.01 139.9 142.02 144.31 146.71 149.16 151.6 153.96 156.2 158.26 160.1 161.69 163 163.99 164.65 164.97 164.95 164.57 163.86 162.81 161.47 159.83 157.95 155.86 153.6 151.23 148.78 146.34 143.95 141.68 139.59 
137.93 136.39 135.19 134.38 133.99 134.02 134.48 135.35 136.6 138.2 140.08 142.2 144.5 146.9 149.35 151.78 154.14 156.38 158.44 160.29 161.88 163.18 164.17 164.84 165.16 165.13 164.76 164.04 163 161.65 160.02 158.14 156.05 153.79 151.41 148.97 146.52 144.13 141.86 139.78 
138.11 136.57 135.37 134.56 134.17 134.2 134.66 135.53 136.78 138.38 140.26 142.38 144.67 147.08 149.53 151.96 154.32 156.56 158.62 160.47 162.06 163.36 164.35 165.02 165.34 165.31 164.94 164.22 163.18 161.83 160.2 158.32 156.22 153.97 151.59 149.15 146.7 144.31 142.04 139.95 
138.28 136.74 135.54 134.73 134.34 134.37 134.83 135.7 136.96 138.55 140.44 142.55 144.85 147.25 149.7 152.13 154.5 156.73 158.8 160.64 162.23 163.53 164.53 165.19 165.51 165.48 165.11 164.39 163.35 162 160.37 158.49 156.4 154.14 151.76 149.32 146.87 144.48 142.21 140.13 
138.45 136.91 135.71 134.9 134.51 134.54 135 135.87 137.12 138.72 140.6 142.72 145.01 147.42 149.87 152.3 154.66 156.9 158.96 160.81 162.4 163.7 164.69 165.36 165.68 165.65 165.28 164.56 163.52 162.17 160.54 158.66 156.57 154.31 151.93 149.49 147.04 144.65 142.38 140.29 
138.61 137.07 135.87 135.06 134.67 134.7 135.16 136.03 137.29 138.88 140.76 142.88 145.18 147.58 150.03 152.46 154.82 157.06 159.12 160.97 162.56 163.86 164.86 165.52 165.84 165.81 165.44 164.73 163.68 162.33 160.7 158.82 156.73 154.47 152.09 149.65 147.2 144.81 142.54 140.46 
138.77 137.23 136.03 135.22 134.83 134.86 135.32 136.19 137.44 139.04 140.92 143.04 145.33 147.73 150.18 152.62 154.98 157.22 159.28 161.13 162.72 164.02 165.01 165.68 166 165.97 165.6 164.88 163.84 162.49 160.86 158.98 156.88 154.62 152.25 149.8 147.36 144.97 142.7 140.61 
138.92 137.38 136.18 135.37 134.98 135.01 135.47 136.34 137.59 139.19 141.07 143.19 145.48 147.88 150.33 152.77 155.13 157.37 159.43 161.28 162.87 164.17 165.17 165.83 166.15 166.12 165.75 165.03 163.99 162.64 161.01 159.13 157.03 154.77 152.4 149.96 147.51 145.12 142.85 140.76 
139.07 137.52 136.33 135.52 135.12 135.16 135.62 136.49 137.74 139.33 141.22 143.34 145.63 148.03 150.48 152.91 155.28 157.51 159.58 161.42 163.01 164.32 165.31 165.97 166.3 166.27 165.89 165.18 164.14 162.79 161.15 159.27 157.18 154.92 152.54 150.1 147.65 145.26 143 140.91 
139.21 137.66 136.47 135.66 135.26 135.3 135.76 136.63 137.88 139.47 141.36 143.47 145.77 148.17 150.62 153.05 155.42 157.65 159.72 161.56 163.15 164.46 165.45 166.11 166.43 166.41 166.03 165.32 164.28 162.92 161.29 159.41 157.32 155.06 152.68 150.24 147.79 145.4 143.13 141.05 
139.34 137.8 136.6 135.79 135.4 135.43 135.89 136.76 138.01 139.6 141.49 143.61 145.9 148.3 150.75 153.19 155.55 157.79 159.85 161.7 163.29 164.59 165.58 166.25 166.57 166.54 166.17 165.45 164.41 163.06 161.43 159.54 157.45 155.19 152.81 150.37 147.93 145.54 143.27 141.18 
139.47 137.92 136.73 135.92 135.53 135.56 136.02 136.89 138.14 139.73 141.62 143.74 146.03 148.43 150.88 153.31 155.68 157.91 159.98 161.82 163.41 164.72 165.71 166.38 166.7 166.67 166.3 165.58 164.54 163.19 161.55 159.67 157.58 155.32 152.94 150.5 148.05 145.66 143.4 141.31 
139.59 138.04 136.85 136.04 135.65 135.68 136.14 137.01 138.26 139.85 141.74 143.86 146.15 148.55 151 153.43 155.8 158.04 160.1 161.94 163.54 164.84 165.83 166.5 166.82 166.79 166.42 165.7 164.66 163.31 161.68 159.79 157.7 155.44 153.06 150.62 148.17 145.79 143.52 141.43 
139.7 138.16 136.97 136.16 135.76 135.8 136.26 137.13 138.38 139.97 141.85 143.97 146.26 148.67 151.11 153.55 155.91 158.15 160.21 162.06 163.65 164.96 165.95 166.61 166.93 166.91 166.53 165.82 164.77 163.42 161.79 159.91 157.82 155.56 153.18 150.74 148.29 145.9 143.63 141.55 
139.81 138.27 137.08 136.27 135.87 135.91 136.37 137.24 138.49 140.08 141.96 144.08 146.37 148.78 151.22 153.66 156.02 158.26 160.32 162.17 163.76 165.07 166.06 166.72 167.05 167.02 166.64 165.93 164.88 163.53 161.9 160.02 157.93 155.66 153.29 150.85 148.4 146.01 143.74 141.66 
139.92 138.37 137.18 136.37 135.98 136.01 136.47 137.34 138.59 140.18 142.07 144.19 146.48 148.88 151.33 153.76 156.13 158.36 160.43 162.27 163.87 165.17 166.16 166.83 167.15 167.12 166.75 166.03 164.99 163.64 162.01 160.12 158.03 155.77 153.39 150.95 148.5 146.11 143.85 141.76 
140.02 138.47 137.28 136.47 136.08 136.11 136.57 137.44 138.69 140.28 142.17 144.28 146.58 148.98 151.43 153.86 156.22 158.46 160.53 162.37 163.96 165.27 166.26 166.93 167.25 167.22 166.85 166.13 165.09 163.74 162.1 160.22 158.13 155.87 153.49 151.05 148.6 146.21 143.94 141.86 
140.11 138.56 137.37 136.56 136.17 136.2 136.66 137.53 138.78 140.37 142.26 144.38 146.67 149.07 151.52 153.95 156.32 158.55 160.62 162.46 164.06 165.36 166.35 167.02 167.34 167.31 166.94 166.22 165.18 163.83 162.2 160.31 158.22 155.96 153.58 151.14 148.69 146.3 144.04 141.95 
140.19 138.65 137.46 136.65 136.25 136.29 136.75 137.62 138.87 140.46 142.34 144.46 146.75 149.15 151.6 154.04 156.4 158.64 160.7 162.55 164.14 165.45 166.44 167.1 167.43 167.4 167.02 166.31 165.27 163.91 162.28 160.4 158.3 156.04 153.67 151.22 148.78 146.39 144.12 142.04 
140.27 138.73 137.54 136.73 136.33 136.37 136.83 137.7 138.95 140.54 142.42 144.54 146.83 149.23 151.68 154.12 156.48 158.72 160.78 162.63 164.22 165.53 166.52 167.18 167.51 167.48 167.1 166.39 165.35 163.99 162.36 160.48 158.38 156.12 153.75 151.3 148.86 146.47 144.2 142.12 
140.35 138.8 137.61 136.8 136.41 136.44 136.9 137.77 139.02 140.61 142.5 144.61 146.91 149.31 151.76 154.19 156.56 158.79 160.86 162.7 164.3 165.6 166.59 167.26 167.58 167.55 167.18 166.46 165.42 164.07 162.43 160.55 158.46 156.2 153.82 151.38 148.93 146.54 144.28 142.19 
140.42 138.87 137.68 136.87 136.48 136.51 136.97 137.84 139.09 140.68 142.56 144.68 146.97 149.38 151.82 154.26 156.62 158.86 160.93 162.77 164.36 165.67 166.66 167.33 167.65 167.62 167.25 166.53 165.49 164.14 162.5 160.62 158.53 156.27 153.89 151.45 149 146.61 144.34 142.26 
140.48 138.93 137.74 136.93 136.54 136.57 137.03 137.9 139.15 140.74 142.63 144.74 147.04 149.44 151.89 154.32 156.68 158.92 160.99 162.83 164.42 165.73 166.72 167.39 167.71 167.68 167.31 166.59 165.55 164.2 162.56 160.68 158.59 156.33 153.95 151.51 149.06 146.67 144.4 142.32 
140.53 138.99 137.8 136.99 136.59 136.63 137.09 137.96 139.21 140.8 142.68 144.8 147.09 149.49 151.94 154.38 156.74 158.98 161.04 162.89 164.48 165.79 166.78 167.44 167.77 167.74 167.36 166.65 165.6 164.25 162.62 160.74 158.64 156.38 154 151.56 149.12 146.73 144.46 142.37 
140.58 139.04 137.85 137.04 136.64 136.68 137.14 138 139.26 140.85 142.73 144.85 147.14 149.54 151.99 154.43 156.79 159.03 161.09 162.94 164.53 165.84 166.83 167.49 167.81 167.79 167.41 166.7 165.65 164.3 162.67 160.79 158.69 156.43 154.05 151.61 149.17 146.78 144.51 142.42 
140.63 139.08 137.89 137.08 136.69 136.72 137.18 138.05 139.3 140.89 142.77 144.89 147.18 149.58 152.03 154.47 156.83 159.07 161.13 162.98 164.57 165.88 166.87 167.54 167.86 167.83 167.46 166.74 165.7 164.35 162.71 160.83 158.74 156.47 154.1 151.65 149.21 146.82 144.55 142.47 
140.66 139.12 137.93 137.12 136.72 136.76 137.22 138.09 139.34 140.93 142.81 144.93 147.22 149.62 152.07 154.51 156.87 159.11 161.17 163.02 164.61 165.92 166.91 167.57 167.9 167.87 167.49 166.78 165.73 164.38 162.75 160.87 158.77 156.51 154.13 151.69 149.25 146.86 144.59 142.5 
140.69 139.15 137.96 137.15 136.76 136.79 137.25 138.12 139.37 140.96 142.84 144.96 147.25 149.65 152.1 154.54 156.9 159.14 161.2 163.05 164.64 165.95 166.94 167.6 167.93 167.9 167.52 166.81 165.77 164.41 162.78 160.9 158.8 156.54 154.16 151.72 149.28 146.89 144.62 142.53 
140.72 139.18 137.98 137.17 136.78 136.81 137.27 138.14 139.39 140.98 142.87 144.98 147.28 149.68 152.13 154.56 156.92 159.16 161.23 163.07 164.67 165.97 166.97 167.63 167.95 167.92 167.55 166.83 165.79 164.44 162.8 160.92 158.83 156.57 154.19 151.75 149.3 146.91 144.64 142.56 
140.74 139.19 138 137.19 136.8 136.83 137.29 138.16 139.41 141 142.89 145 147.29 149.7 152.14 154.58 156.94 159.18 161.25 163.09 164.68 165.99 166.98 167.65 167.97 167.94 167.57 166.85 165.81 164.46 162.82 160.94 158.85 156.59 154.21 151.77 149.32 146.93 144.66 142.58 
140.75 139.21 138.01 137.2 136.81 136.84 137.3 138.17 139.42 141.01 142.9 145.02 147.31 149.71 152.16 154.59 156.96 159.19 161.26 163.11 164.7 166 167 167.66 167.98 167.96 167.58 166.86 165.82 164.47 162.84 160.95 158.86 156.6 154.22 151.78 149.33 146.94 144.68 142.59 
140.75 139.21 138.02 137.21 136.82 136.85 137.31 138.18 139.43 141.02 142.9 145.02 147.31 149.71 152.16 154.6 156.96 159.2 161.26 163.11 164.7 166.01 167 167.67 167.99 167.96 167.59 166.87 165.83 164.48 162.84 160.96 158.86 156.6 154.23 151.78 149.34 146.95 144.68 142.6 
140.75 139.21 138.02 137.21 136.82 136.85 137.31 138.18 139.43 141.02 142.9 145.02 147.31 149.71 152.16 154.6 156.96 159.2 161.26 163.11 164.7 166.01 167 167.67 167.99 167.96 167.59 166.87 165.83 164.48 162.84 160.96 158.86 156.6 154.23 151.78 149.34 146.95 144.68 142.6 
140.75 139.21 138.01 137.2 136.81 136.84 137.3 138.17 139.42 141.01 142.9 145.02 147.31 149.71 152.16 154.59 156.96 159.19 161.26 163.11 164.7 166 167 167.66 167.98 167.96 167.58 166.86 165.82 164.47 162.84 160.95 158.86 156.6 154.22 151.78 149.33 146.94 144.68 142.59 
140.74 139.19 138 137.19 136.8 136.83 137.29 138.16 139.41 141 142.89 145 147.29 149.7 152.14 154.58 156.94 159.18 161.25 163.09 164.68 165.99 166.98 167.65 167.97 167.94 167.57 166.85 165.81 164.46 162.82 160.94 158.85 156.59 154.21 151.77 149.32 146.93 144.66 142.58 
140.72 139.18 137.98 137.17 136.78 136.81 137.27 138.14 139.39 140.98 142.87 144.98 147.28 149.68 152.13 154.56 156.92 159.16 161.23 163.07 164.67 165.97 166.97 167.63 167.95 167.92 167.55 166.83 165.79 164.44 162.8 160.92 158.83 156.57 154.19 151.75 149.3 146.91 144.64 142.56 
140.69 139.15 137.96 137.15 136.76 136.79 137.25 138.12 139.37 140.96 142.84 144.96 147.25 149.65 152.1 154.54 156.9 159.14 161.2 163.05 164.64 165.95 166.94 167.6 167.93 167.9 167.52 166.81 165.77 164.41 162.78 160.9 158.8 156.54 154.16 151.72 149.28 146.89 144.62 142.53 
140.66 139.12 137.93 137.12 136.72 136.76 137.22 138.09 139.34 140.93 142.81 144.93 147.22 149.62 152.07 154.51 156.87 159.11 161.17 163.02 164.61 165.92 166.91 167.57 167.9 167.87 167.49 166.78 165.73 164.38 162.75 160.87 158.77 156.51 154.13 151.69 149.25 146.86 144.59 142.5 
140.63 139.08 137.89 137.08 136.69 136.72 137.18 138.05 139.3 140.89 142.77 144.89 147.18 149.58 152.03 154.47 156.83 159.07 161.13 162.98 164.57 165.88 166.87 167.54 167.86 167.83 167.46 166.74 165.7 164.35 162.71 160.83 158.74 156.47 154.1 151.65 149.21 146.82 144.55 142.47 
140.58 139.04 137.85 137.04 136.64 136.68 137.14 138 139.26 140.85 142.73 144.85 147.14 149.54 151.99 154.43 156.79 159.03 161.09 162.94 164.53 165.84 166.83 167.49 167.81 167.79 167.41 166.7 165.65 164.3 162.67 160.79 158.69 156.43 154.05 151.61 149.17 146.78 144.51 142.42 
140.53 138.99 137.8 136.99 136.59 136.63 137.09 137.96 139.21 140.8 142.68 144.8 147.09 149.49 151.94 154.38 156.74 158.98 161.04 162.89 164.48 165.79 166.78 167.44 167.77 167.74 167.36 166.65 165.6 164.25 162.62 160.74 158.64 156.38 154 151.56 149.12 146.73 144.46 142.37 
140.48 138.93 137.74 136.93 136.54 136.57 137.03 137.9 139.15 140.74 142.63 144.74 147.04 149.44 151.89 154.32 156.68 158.92 160.99 162.83 164.42 165.73 166.72 167.39 167.71 167.68 167.31 166.59 165.55 164.2 162.56 160.68 158.59 156.33 153.95 151.51 149.06 146.67 144.4 142.32 
140.42 138.87 137.68 136.87 136.48 136.51 136.97 137.84 139.09 140.68 142.56 144.68 146.97 149.38 151.82 154.26 156.62 158.86 160.93 162.77 164.36 165.67 166.66 167.33 167.65 167.62 167.25 166.53 165.49 164.14 162.5 160.62 158.53 156.27 153.89 151.45 149 146.61 144.34 142.26 
140.35 138.8 137.61 136.8 136.41 136.44 136.9 137.77 139.02 140.61 142.5 144.61 146.91 149.31 151.76 154.19 156.56 158.79 160.86 162.7 164.3 165.6 166.59 167.26 167.58 167.55 167.18 166.46 165.42 164.07 162.43 160.55 158.46 156.2 153.82 151.38 148.93 146.54 144.28 142.19 
140.27 138.73 137.54 136.73 136.33 136.37 136.83 137.7 138.95 140.54 142.42 144.54 146.83 149.23 151.68 154.12 156.48 158.72 160.78 162.63 164.22 165.53 166.52 167.18 167.51 167.48 167.1 166.39 165.35 163.99 162.36 160.48 158.38 156.12 153.75 151.3 148.86 146.47 144.2 142.12 
140.19 138.65 137.46 136.65 136.25 136.29 136.75 137.62 138.87 140.46 142.34 144.46 146.75 149.15 151.6 154.04 156.4 158.64 160.7 162.55 164.14 165.45 166.44 167.1 167.43 167.4 167.02 166.31 165.27 163.91 162.28 160.4 158.3 156.04 153.67 151.22 148.78 146.39 144.12 142.04 
140.11 138.56 137.37 136.56 136.17 136.2 136.66 137.53 138.78 140.37 142.26 144.38 146.67 149.07 151.52 153.95 156.32 158.55 160.62 162.46 164.06 165.36 166.35 167.02 167.34 167.31 166.94 166.22 165.18 163.83 162.2 160.31 158.22 155.96 153.58 151.14 148.69 146.3 144.04 141.95 
140.02 138.47 137.28 136.47 136.08 136.11 136.57 137.44 138.69 140.28 142.17 144.28 146.58 148.98 151.43 153.86 156.22 158.46 160.53 162.37 163.96 165.27 166.26 166.93 167.25 167.22 166.85 166.13 165.09 163.74 162.1 160.22 158.13 155.87 153.49 151.05 148.6 146.21 143.94 141.86 
139.92 138.37 137.18 136.37 135.98 136.01 136.47 137.34 138.59 140.18 142.07 144.19 146.48 148.88 151.33 153.76 156.13 158.36 160.43 162.27 163.87 165.17 166.16 166.83 167.15 167.12 166.75 166.03 164.99 163.64 162.01 160.12 158.03 155.77 153.39 150.95 148.5 146.11 143.85 141.76 
139.81 138.27 137.08 136.27 135.87 135.91 136.37 137.24 138.49 140.08 141.96 144.08 146.37 148.78 151.22 153.66 156.02 158.26 160.32 162.17 163.76 165.07 166.06 166.72 167.05 167.02 166.64 165.93 164.88 163.53 161.9 160.02 157.93 155.66 153.29 150.85 148.4 146.01 143.74 141.66 
139.7 138.16 136.97 136.16 135.76 135.8 136.26 137.13 138.38 139.97 141.85 143.97 146.26 148.67 151.11 153.55 155.91 158.15 160.21 162.06 163.65 164.96 165.95 166.61 166.93 166.91 166.53 165.82 164.77 163.42 161.79 159.91 157.82 155.56 153.18 150.74 148.29 145.9 143.63 141.55 
139.59 138.04 136.85 136.04 135.65 135.68 136.14 137.01 138.26 139.85 141.74 143.86 146.15 148.55 151 153.43 155.8 158.04 160.1 161.94 163.54 164.84 165.83 166.5 166.82 166.79 166.42 165.7 164.66 163.31 161.68 159.79 157.7 155.44 153.06 150.62 148.17 145.79 143.52 141.43 
139.47 137.92 136.73 135.92 135.53 135.56 136.02 136.89 138.14 139.73 141.62 143.74 146.03 148.43 150.88 153.31 155.68 157.91 159.98 161.82 163.41 164.72 165.71 166.38 166.7 166.67 166.3 165.58 164.54 163.19 161.55 159.67 157.58 155.32 152.94 150.5 148.05 145.66 143.4 141.31 
139.34 137.8 136.6 135.79 135.4 135.43 135.89 136.76 138.01 139.6 141.49 143.61 145.9 148.3 150.75 153.19 155.55 157.79 159.85 161.7 163.29 164.59 165.58 166.25 166.57 166.54 166.17 165.45 164.41 163.06 161.43 159.54 157.45 155.19 152.81 150.37 147.93 145.54 143.27 141.18 
139.21 137.66 136.47 135.66 135.26 135.3 135.76 136.63 137.88 139.47 141.36 143.47 145.77 148.17 150.62 153.05 155.42 157.65 159.72 161.56 163.15 164.46 165.45 166.11 166.43 166.41 166.03 165.32 164.28 162.92 161.29 159.41 157.32 155.06 152.68 150.24 147.79 145.4 143.13 141.05 
139.07 137.52 136.33 135.52 135.12 135.16 135.62 136.49 137.74 139.33 141.22 143.34 145.63 148.03 150.48 152.91 155.28 157.51 159.58 161.42 163.01 164.32 165.31 165.97 166.3 166.27 165.89 165.18 164.14 162.79 161.15 159.27 157.18 154.92 152.54 150.1 147.65 145.26 143 140.91 
138.92 137.38 136.18 135.37 134.98 135.01 135.47 136.34 137.59 139.19 141.07 143.19 145.48 147.88 150.33 152.77 155.13 157.37 159.43 161.28 162.87 164.17 165.17 165.83 166.15 166.12 165.75 165.03 163.99 162.64 161.01 159.13 157.03 154.77 152.4 149.96 147.51 145.12 142.85 140.76 
138.77 137.23 136.03 135.22 134.83 134.86 135.32 136.19 137.44 139.04 140.92 143.04 145.33 147.73 150.18 152.62 154.98 157.22 159.28 161.13 162.72 164.02 165.01 165.68 166 165.97 165.6 164.88 163.84 162.49 160.86 158.98 156.88 154.62 152.25 149.8 147.36 144.97 142.7 140.61 
138.61 137.07 135.87 135.06 134.67 134.7 135.16 136.03 137.29 138.88 140.76 142.88 145.18 147.58 150.03 152.46 154.82 157.06 159.12 160.97 162.56 163.86 164.86 165.52 165.84 165.81 165.44 164.73 163.68 162.33 160.7 158.82 156.73 154.47 152.09 149.65 147.2 144.81 142.54 140.46 
138.45 136.91 135.71 134.9 134.51 134.54 135 135.87 137.12 138.72 140.6 142.72 145.01 147.42 149.87 152.3 154.66 156.9 158.96 160.81 162.4 163.7 164.69 165.36 165.68 165.65 165.28 164.56 163.52 162.17 160.54 158.66 156.57 154.31 151.93 149.49 147.04 144.65 142.38 140.29 
138.28 136.74 135.54 134.73 134.34 134.37 134.83 135.7 136.96 138.55 140.44 142.55 144.85 147.25 149.7 152.13 154.5 156.73 158.8 160.64 162.23 163.53 164.53 165.19 165.51 165.48 165.11 164.39 163.35 162 160.37 158.49 156.4 154.14 151.76 149.32 146.87 144.48 142.21 140.13 
138.11 136.57 135.37 134.56 134.17 134.2 134.66 135.53 136.78 138.38 140.26 142.38 144.67 147.08 149.53 151.96 154.32 156.56 158.62 160.47 162.06 163.36 164.35 165.02 165.34 165.31 164.94 164.22 163.18 161.83 160.2 158.32 156.22 153.97 151.59 149.15 146.7 144.31 142.04 139.95 
137.93 136.39 135.19 134.38 133.99 134.02 134.48 135.35 136.6 138.2 140.08 142.2 144.5 146.9 149.35 151.78 154.14 156.38 158.44 160.29 161.88 163.18 164.17 164.84 165.16 165.13 164.76 164.04 163 161.65 160.02 158.14 156.05 153.79 151.41 148.97 146.52 144.13 141.86 139.78 
137.75 136.2 135.01 134.2 133.8 133.83 134.29 135.17 136.42 138.01 139.9 142.02 144.31 146.71 149.16 151.6 153.96 156.2 158.26 160.1 161.69 163 163.99 164.65 164.97 164.95 164.57 163.86 162.81 161.47 159.83 157.95 155.86 153.6 151.23 148.78 146.34 143.95 141.68 139.59 
137.56 136.01 134.81 134.01 133.61 133.64 134.1 134.98 136.23 137.82 139.71 141.83 144.12 146.52 148.97 151.41 153.77 156.01 158.07 159.91 161.5 162.81 163.8 164.46 164.78 164.76 164.38 163.67 162.62 161.28 159.64 157.76 155.67 153.41 151.04 148.6 146.15 143.76 141.49 139.4 
137.36 135.82 134.62 133.81 133.42 133.45 133.91 134.78 136.03 137.63 139.51 141.63 143.93 146.33 148.78 151.21 153.58 155.81 157.87 159.72 161.31 162.61 163.6 164.27 164.59 164.56 164.19 163.47 162.43 161.08 159.45 157.57 155.48 153.22 150.84 148.4 145.95 143.56 141.29 139.21 
137.16 135.62 134.42 133.61 133.21 133.25 133.71 134.58 135.83 137.43 139.31 141.43 143.73 146.13 148.58 151.01 153.38 155.61 157.67 159.52 161.11 162.41 163.4 164.06 164.39 164.36 163.98 163.27 162.23 160.88 159.25 157.37 155.28 153.02 150.64 148.2 145.75 143.36 141.09 139.01 
136.95 135.41 134.21 133.4 133.01 133.04 133.5 134.37 135.63 137.22 139.11 141.23 143.52 145.92 148.37 150.81 153.17 155.41 157.47 159.31 160.9 162.2 163.2 163.86 164.18 164.15 163.78 163.06 162.02 160.67 159.04 157.16 155.07 152.81 150.44 148 145.55 143.16 140.89 138.8 
136.74 135.2 134 133.19 132.8 132.83 133.29 134.16 135.41 137.01 138.9 141.02 143.31 145.71 148.16 150.6 152.96 155.2 157.26 159.1 160.69 161.99 162.98 163.65 163.97 163.94 163.57 162.85 161.81 160.46 158.83 156.95 154.86 152.6 150.23 147.78 145.34 142.95 140.68 138.59 
136.53 134.98 133.78 132.97 132.58 132.61 133.07 133.94 135.2 136.79 138.68 140.8 143.1 145.5 147.95 150.38 152.74 154.98 157.04 158.88 160.47 161.78 162.77 163.43 163.75 163.72 163.35 162.63 161.59 160.25 158.62 156.74 154.64 152.39 150.01 147.57 145.12 142.73 140.46 138.37 
136.31 134.76 133.56 132.75 132.36 132.39 132.85 133.72 134.98 136.57 138.46 140.58 142.87 145.28 147.73 150.16 152.52 154.76 156.82 158.66 160.25 161.55 162.54 163.21 163.53 163.5 163.13 162.41 161.37 160.02 158.39 156.51 154.42 152.16 149.79 147.35 144.9 142.51 140.24 138.15 
136.08 134.53 133.33 132.52 132.13 132.16 132.62 133.5 134.75 136.35 138.23 140.35 142.65 145.05 147.5 149.93 152.3 154.53 156.59 158.44 160.02 161.33 162.32 162.98 163.3 163.27 162.9 162.19 161.14 159.8 158.17 156.29 154.2 151.94 149.56 147.12 144.68 142.29 140.01 137.92 
135.85 134.3 133.1 132.29 131.9 131.93 132.39 133.26 134.52 136.11 138 140.12 142.42 144.82 147.27 149.7 152.07 154.3 156.36 158.2 159.79 161.09 162.09 162.75 163.07 163.04 162.67 161.95 160.91 159.56 157.94 156.06 153.97 151.71 149.33 146.89 144.44 142.05 139.78 137.69 
135.61 134.06 132.87 132.05 131.66 131.69 132.15 133.03 134.28 135.88 137.77 139.89 142.18 144.58 147.03 149.47 151.83 154.06 156.12 157.97 159.56 160.86 161.85 162.51 162.83 162.8 162.43 161.72 160.68 159.33 157.7 155.82 153.73 151.47 149.1 146.65 144.21 141.82 139.55 137.46 
135.37 133.82 132.62 131.81 131.42 131.45 131.91 132.78 134.04 135.64 137.52 139.65 141.94 144.34 146.79 149.23 151.59 153.82 155.88 157.73 159.31 160.62 161.61 162.27 162.59 162.56 162.19 161.47 160.43 159.09 157.46 155.58 153.49 151.23 148.85 146.41 143.97 141.58 139.31 137.22 
135.12 133.58 132.38 131.57 131.17 131.2 131.66 132.54 133.79 135.39 137.28 139.4 141.69 144.1 146.55 148.98 151.34 153.58 155.64 157.48 159.07 160.37 161.36 162.02 162.34 162.31 161.94 161.23 160.19 158.84 157.21 155.33 153.24 150.98 148.61 146.17 143.72 141.33 139.06 136.97 
134.87 133.32 132.12 131.31 130.92 130.95 131.41 132.29 133.54 135.14 137.03 139.15 141.44 143.85 146.3 148.73 151.09 153.33 155.39 157.23 158.82 160.12 161.11 161.77 162.09 162.06 161.69 160.98 159.94 158.59 156.96 155.08 152.99 150.73 148.36 145.92 143.47 141.08 138.81 136.72 
134.62 133.07 131.87 131.06 130.66 130.69 131.16 132.03 133.28 134.88 136.77 138.89 141.19 143.59 146.04 148.47 150.84 153.07 155.13 156.97 158.56 159.86 160.85 161.51 161.83 161.81 161.43 160.72 159.68 158.33 156.7 154.83 152.74 150.48 148.1 145.66 143.22 140.82 138.55 136.46 
134.35 132.81 131.61 130.8 130.4 130.43 130.89 131.77 133.02 134.62 136.51 138.63 140.93 143.33 145.78 148.21 150.58 152.81 154.87 156.71 158.3 159.6 160.59 161.25 161.57 161.54 161.17 160.46 159.42 158.07 156.44 154.56 152.48 150.22 147.84 145.4 142.96 140.56 138.29 136.2 
134.09 132.54 131.34 130.53 130.13 130.17 130.63 131.5 132.76 134.36 136.25 138.37 140.66 143.07 145.52 147.95 150.31 152.55 154.6 156.45 158.03 159.33 160.32 160.98 161.31 161.28 160.9 160.19 159.15 157.81 156.18 154.3 152.21 149.95 147.58 145.14 142.69 140.3 138.03 135.94 
133.82 132.27 131.07 130.26 129.86 129.9 130.36 131.23 132.49 134.09 135.98 138.1 140.39 142.8 145.25 147.68 150.04 152.28 154.33 156.18 157.76 159.06 160.05 160.71 161.03 161.01 160.63 159.92 158.88 157.54 155.91 154.03 151.94 149.68 147.31 144.87 142.42 140.03 137.76 135.67 
133.54 132 130.8 129.98 129.59 129.62 130.08 130.96 132.21 133.81 135.7 137.82 140.12 142.52 144.97 147.41 149.77 152 154.06 155.9 157.49 158.79 159.78 160.44 160.76 160.73 160.36 159.65 158.61 157.26 155.63 153.76 151.67 149.41 147.03 144.59 142.15 139.76 137.48 135.39 
133.27 131.72 130.52 129.7 129.31 129.34 129.8 130.68 131.93 133.53 135.42 137.55 139.84 142.25 144.7 147.13 149.49 151.72 153.78 155.62 157.21 158.51 159.5 160.16 160.48 160.45 160.08 159.37 158.33 156.98 155.35 153.48 151.39 149.13 146.76 144.32 141.87 139.48 137.21 135.11 
132.98 131.43 130.23 129.42 129.02 129.06 129.52 130.39 131.65 133.25 135.14 137.26 139.56 141.96 144.41 146.85 149.21 151.44 153.5 155.34 156.93 158.23 159.21 159.88 160.2 160.17 159.8 159.08 158.04 156.7 155.07 153.19 151.11 148.85 146.47 144.03 141.59 139.2 136.92 134.83 
132.7 131.15 129.94 129.13 128.74 128.77 129.23 130.11 131.36 132.96 134.85 136.98 139.27 141.68 144.13 146.56 148.92 151.15 153.21 155.05 156.64 157.94 158.93 159.59 159.91 159.88 159.51 158.8 157.76 156.41 154.78 152.91 150.82 148.56 146.19 143.75 141.3 138.91 136.64 134.54 
132.4 130.85 129.65 128.84 128.44 128.48 128.94 129.81 131.07 132.67 134.56 136.69 138.98 141.39 143.84 146.27 148.63 150.86 152.92 154.76 156.35 157.65 158.63 159.3 159.61 159.59 159.22 158.5 157.46 156.12 154.49 152.62 150.53 148.27 145.9 143.46 141.01 138.62 136.35 134.25 
132.11 130.56 129.36 128.54 128.15 128.18 128.64 129.52 130.78 132.38 134.27 136.39 138.69 141.09 143.54 145.97 148.33 150.57 152.62 154.46 156.05 157.35 158.34 159 159.32 159.29 158.92 158.21 157.17 155.82 154.2 152.32 150.23 147.98 145.6 143.16 140.72 138.32 136.05 133.96 
131.81 130.26 129.06 128.24 127.85 127.88 128.34 129.22 130.47 132.08 133.97 136.09 138.39 140.79 143.24 145.68 148.03 150.27 152.33 154.16 155.75 157.05 158.04 158.7 159.02 158.99 158.62 157.91 156.87 155.52 153.9 152.02 149.93 147.68 145.3 142.86 140.42 138.02 135.75 133.66 
131.5 129.95 128.75 127.94 127.54 127.57 128.04 128.91 130.17 131.77 133.66 135.79 138.08 140.49 142.94 145.37 147.73 149.96 152.02 153.86 155.45 156.74 157.73 158.39 158.71 158.69 158.31 157.6 156.56 155.22 153.59 151.72 149.63 147.37 145 142.56 140.11 137.72 135.45 133.35 
131.2 129.64 128.44 127.63 127.23 127.27 127.73 128.6 129.86 131.46 133.36 135.48 137.78 140.18 142.63 145.07 147.42 149.66 151.71 153.55 155.14 156.44 157.42 158.08 158.4 158.38 158 157.29 156.26 154.91 153.28 151.41 149.32 147.07 144.69 142.25 139.81 137.41 135.14 133.05 
130.88 129.33 128.13 127.32 126.92 126.95 127.42 128.29 129.55 131.15 133.04 135.17 137.47 139.87 142.32 144.75 147.11 149.35 151.4 153.24 154.83 156.12 157.11 157.77 158.09 158.06 157.69 156.98 155.94 154.6 152.97 151.1 149.01 146.76 144.38 141.94 139.5 137.1 134.83 132.74 
130.57 129.02 127.81 127 126.6 126.64 127.1 127.98 129.24 130.84 132.73 134.85 137.15 139.56 142.01 144.44 146.8 149.03 151.09 152.93 154.51 155.81 156.8 157.46 157.77 157.75 157.38 156.66 155.63 154.28 152.66 150.78 148.7 146.44 144.07 141.63 139.18 136.79 134.51 132.42 
130.25 128.7 127.49 126.68 126.28 126.32 126.78 127.66 128.92 130.52 132.41 134.54 136.83 139.24 141.69 144.12 146.48 148.71 150.77 152.61 154.19 155.49 156.48 157.14 157.45 157.43 157.06 156.34 155.31 153.96 152.34 150.46 148.38 146.12 143.75 141.31 138.86 136.47 134.2 132.1 
129.93 128.37 127.17 126.36 125.96 125.99 126.46 127.33 128.59 130.19 132.09 134.21 136.51 138.92 141.37 143.8 146.16 148.39 150.45 152.28 153.87 155.16 156.15 156.81 157.13 157.1 156.73 156.02 154.98 153.64 152.02 150.14 148.06 145.8 143.43 140.99 138.54 136.15 133.87 131.78 
129.6 128.05 126.84 126.03 125.63 125.67 126.13 127.01 128.27 129.87 131.76 133.89 136.19 138.59 141.04 143.47 145.83 148.06 150.12 151.96 153.54 154.84 155.83 156.48 156.8 156.78 156.4 155.69 154.66 153.31 151.69 149.82 147.73 145.48 143.1 140.66 138.22 135.82 133.55 131.45 
129.27 127.72 126.51 125.7 125.3 125.34 125.8 126.68 127.94 129.54 131.43 133.56 135.86 138.26 140.71 143.15 145.5 147.74 149.79 151.63 153.21 154.51 155.49 156.15 156.47 156.45 156.07 155.36 154.33 152.98 151.36 149.49 147.4 145.15 142.77 140.33 137.89 135.49 133.22 131.12 
128.94 127.38 126.18 125.37 124.97 125 125.46 126.34 127.6 129.21 131.1 133.23 135.53 137.93 140.38 142.81 145.17 147.4 149.46 151.29 152.88 154.17 155.16 155.82 156.14 156.11 155.74 155.03 153.99 152.65 151.03 149.15 147.07 144.82 142.44 140 137.56 135.16 132.89 130.79 
128.6 127.05 125.84 125.03 124.63 124.66 125.13 126 127.27 128.87 130.76 132.89 135.19 137.6 140.05 142.48 144.84 147.07 149.12 150.96 152.54 153.84 154.82 155.48 155.8 155.77 155.4 154.69 153.66 152.31 150.69 148.82 146.73 144.48 142.11 139.67 137.22 134.83 132.55 130.45 
128.26 126.71 125.5 124.69 124.29 124.32 124.79 125.66 126.93 128.53 130.42 132.55 134.85 137.26 139.71 142.14 144.5 146.73 148.78 150.62 152.2 153.5 154.48 155.14 155.46 155.43 155.06 154.35 153.32 151.97 150.35 148.48 146.39 144.14 141.77 139.33 136.88 134.49 132.21 130.12 
127.92 126.36 125.16 124.34 123.95 123.98 124.44 125.32 126.58 128.19 130.08 132.21 134.51 136.92 139.37 141.8 144.16 146.39 148.44 150.28 151.86 153.15 154.14 154.8 155.12 155.09 154.72 154.01 152.97 151.63 150.01 148.14 146.05 143.8 141.43 138.99 136.54 134.15 131.87 129.77 
127.57 126.02 124.81 124 123.6 123.63 124.1 124.97 126.24 127.84 129.74 131.87 134.16 136.57 139.02 141.45 143.81 146.04 148.09 149.93 151.51 152.81 153.79 154.45 154.77 154.74 154.37 153.66 152.63 151.29 149.66 147.79 145.71 143.45 141.08 138.64 136.2 133.8 131.52 129.43 
127.22 125.67 124.46 123.65 123.25 123.28 123.75 124.62 125.89 127.49 129.39 131.52 133.82 136.22 138.67 141.11 143.46 145.69 147.75 149.58 151.16 152.46 153.44 154.1 154.42 154.39 154.02 153.31 152.28 150.94 149.31 147.44 145.36 143.11 140.73 138.29 135.85 133.45 131.18 129.08 
126.87 125.32 124.11 123.29 122.9 122.93 123.39 124.27 125.54 127.14 129.04 131.17 133.47 135.87 138.32 140.75 143.11 145.34 147.39 149.23 150.81 152.11 153.09 153.75 154.07 154.04 153.67 152.96 151.93 150.58 148.96 147.09 145.01 142.76 140.38 137.94 135.5 133.1 130.83 128.73 
126.52 124.96 123.76 122.94 122.54 122.57 123.04 123.92 125.18 126.79 128.68 130.81 133.11 135.52 137.97 140.4 142.76 144.99 147.04 148.88 150.46 151.75 152.74 153.39 153.71 153.69 153.31 152.6 151.57 150.23 148.61 146.74 144.65 142.4 140.03 137.59 135.14 132.75 130.47 128.37 
126.16 124.6 123.4 122.58 122.18 122.22 122.68 123.56 124.82 126.43 128.33 130.46 132.76 135.16 137.61 140.05 142.4 144.63 146.68 148.52 150.1 151.39 152.38 153.04 153.35 153.33 152.96 152.25 151.21 149.87 148.25 146.38 144.3 142.05 139.67 137.23 134.79 132.39 130.12 128.02 
125.8 124.24 123.04 122.22 121.82 121.86 122.32 123.2 124.46 126.07 127.97 130.1 132.4 134.8 137.25 139.69 142.04 144.27 146.32 148.16 149.74 151.03 152.02 152.67 152.99 152.97 152.6 151.89 150.85 149.51 147.89 146.02 143.94 141.69 139.31 136.88 134.43 132.03 129.76 127.66 
125.44 123.88 122.67 121.86 121.46 121.49 121.96 122.84 124.1 125.71 127.61 129.74 132.04 134.44 136.89 139.33 141.68 143.91 145.96 147.8 149.38 150.67 151.65 152.31 152.63 152.6 152.23 151.52 150.49 149.15 147.53 145.66 143.58 141.33 138.95 136.52 134.07 131.67 129.39 127.3 
125.07 123.52 122.31 121.49 121.09 121.13 121.59 122.47 123.74 125.34 127.24 129.37 131.67 134.08 136.53 138.96 141.32 143.55 145.6 147.43 149.01 150.3 151.29 151.95 152.26 152.24 151.87 151.16 150.12 148.78 147.16 145.29 143.21 140.96 138.59 136.15 133.7 131.31 129.03 126.93 
124.71 123.15 121.94 121.12 120.72 120.76 121.22 122.1 123.37 124.98 126.87 129.01 131.31 133.71 136.16 138.6 140.95 143.18 145.23 147.06 148.64 149.94 150.92 151.58 151.9 151.87 151.5 150.79 149.76 148.42 146.8 144.93 142.85 140.6 138.22 135.79 133.34 130.94 128.66 126.57 
124.34 122.78 121.57 120.75 120.35 120.39 120.85 121.73 123 124.61 126.51 128.64 130.94 133.35 135.8 138.23 140.58 142.81 144.86 146.7 148.27 149.57 150.55 151.21 151.53 151.5 151.13 150.42 149.39 148.05 146.43 144.56 142.48 140.23 137.86 135.42 132.97 130.58 128.3 126.2 
123.97 122.41 121.2 120.38 119.98 120.01 120.48 121.36 122.63 124.24 126.13 128.27 130.57 132.98 135.43 137.86 140.21 142.44 144.49 146.32 147.9 149.19 150.18 150.83 151.15 151.13 150.76 150.05 149.01 147.68 146.06 144.19 142.11 139.86 137.49 135.05 132.6 130.2 127.93 125.83 
123.59 122.03 120.82 120.01 119.61 119.64 120.11 120.99 122.25 123.86 125.76 127.89 130.2 132.6 135.05 137.49 139.84 142.07 144.12 145.95 147.53 148.82 149.8 150.46 150.78 150.75 150.38 149.67 148.64 147.3 145.68 143.81 141.73 139.48 137.11 134.68 132.23 129.83 127.55 125.45 
123.22 121.66 120.45 119.63 119.23 119.26 119.73 120.61 121.88 123.49 125.39 127.52 129.82 132.23 134.68 137.11 139.47 141.69 143.74 145.57 147.15 148.44 149.43 150.08 150.4 150.37 150 149.3 148.26 146.93 145.31 143.44 141.36 139.11 136.74 134.3 131.85 129.46 127.18 125.08 
122.84 121.28 120.07 119.25 118.85 118.88 119.35 120.23 121.5 123.11 125.01 127.14 129.45 131.85 134.3 136.73 139.09 141.32 143.37 145.2 146.77 148.07 149.05 149.7 150.02 150 149.63 148.92 147.89 146.55 144.93 143.06 140.98 138.73 136.36 133.92 131.48 129.08 126.8 124.7 
122.46 120.9 119.69 118.87 118.47 118.5 118.97 119.85 121.12 122.73 124.63 126.76 129.07 131.48 133.93 136.36 138.71 140.94 142.99 144.82 146.39 147.69 148.67 149.32 149.64 149.62 149.24 148.54 147.51 146.17 144.55 142.68 140.6 138.36 135.98 133.55 131.1 128.7 126.42 124.32 
122.08 120.52 119.31 118.49 118.09 118.12 118.59 119.47 120.74 122.35 124.25 126.38 128.69 131.1 133.55 135.98 138.33 140.56 142.61 144.44 146.01 147.3 148.29 148.94 149.26 149.23 148.86 148.16 147.12 145.79 144.17 142.3 140.22 137.98 135.61 133.17 130.72 128.32 126.04 123.94 
121.7 120.14 118.92 118.1 117.7 117.74 118.2 119.09 120.36 121.97 123.87 126 128.31 130.71 133.16 135.6 137.95 140.18 142.22 144.05 145.63 146.92 147.9 148.56 148.88 148.85 148.48 147.77 146.74 145.4 143.79 141.92 139.84 137.59 135.22 132.79 130.34 127.94 125.66 123.56 
121.31 119.75 118.54 117.72 117.32 117.35 117.82 118.7 119.97 121.58 123.49 125.62 127.92 130.33 132.78 135.21 137.57 139.79 141.84 143.67 145.25 146.54 147.52 148.17 148.49 148.46 148.09 147.39 146.36 145.02 143.4 141.54 139.46 137.21 134.84 132.4 129.96 127.56 125.28 123.17 
120.93 119.37 118.15 117.33 116.93 116.97 117.43 118.32 119.58 121.2 123.1 125.23 127.54 129.95 132.4 134.83 137.18 139.41 141.46 143.28 144.86 146.15 147.13 147.79 148.1 148.08 147.71 147 145.97 144.63 143.02 141.15 139.07 136.83 134.46 132.02 129.57 127.17 124.89 122.79 
120.54 118.98 117.77 116.94 116.54 116.58 117.04 117.93 119.2 120.81 122.71 124.85 127.15 129.56 132.01 134.44 136.8 139.02 141.07 142.9 144.47 145.76 146.74 147.4 147.72 147.69 147.32 146.61 145.58 144.25 142.63 140.77 138.69 136.44 134.07 131.63 129.19 126.79 124.51 122.4 
120.15 118.59 117.38 116.56 116.15 116.19 116.66 117.54 118.81 120.42 122.33 124.46 126.77 129.18 131.63 134.06 136.41 138.63 140.68 142.51 144.08 145.37 146.35 147.01 147.33 147.3 146.93 146.22 145.19 143.86 142.24 140.38 138.3 136.05 133.68 131.25 128.8 126.4 124.12 122.02 
119.76 118.2 116.99 116.17 115.76 115.8 116.27 117.15 118.42 120.03 121.94 124.07 126.38 128.79 131.24 133.67 136.02 138.25 140.29 142.12 143.69 144.98 145.96 146.62 146.94 146.91 146.54 145.83 144.8 143.47 141.85 139.99 137.91 135.67 133.3 130.86 128.41 126.01 123.73 121.63 
119.37 117.81 116.6 115.77 115.37 115.41 115.87 116.76 118.03 119.64 121.55 123.68 125.99 128.4 130.85 133.28 135.63 137.86 139.9 141.73 143.3 144.59 145.57 146.23 146.54 146.52 146.15 145.44 144.41 143.08 141.46 139.6 137.52 135.28 132.91 130.47 128.02 125.62 123.34 121.24 
118.98 117.42 116.2 115.38 114.98 115.01 115.48 116.37 117.64 119.25 121.16 123.29 125.6 128.01 130.46 132.89 135.24 137.47 139.51 141.34 142.91 144.2 145.18 145.83 146.15 146.12 145.76 145.05 144.02 142.69 141.07 139.21 137.13 134.89 132.52 130.08 127.63 125.23 122.95 120.85 
118.59 117.02 115.81 114.99 114.59 114.62 115.09 115.97 117.24 118.86 120.77 122.9 125.21 127.62 130.07 132.5 134.85 137.07 139.12 140.95 142.52 143.81 144.79 145.44 145.76 145.73 145.36 144.66 143.63 142.29 140.68 138.82 136.74 134.5 132.13 129.69 127.24 124.84 122.56 120.45 
118.2 116.63 115.42 114.59 114.19 114.23 114.69 115.58 116.85 118.47 120.37 122.51 124.82 127.23 129.68 132.11 134.46 136.68 138.73 140.55 142.13 143.41 144.39 145.05 145.36 145.34 144.97 144.26 143.23 141.9 140.29 138.42 136.35 134.1 131.74 129.3 126.85 124.45 122.17 120.06 
117.8 116.24 115.02 114.2 113.8 113.83 114.3 115.18 116.46 118.07 119.98 122.12 124.42 126.83 129.28 131.71 134.07 136.29 138.33 140.16 141.73 143.02 144 144.65 144.97 144.94 144.57 143.87 142.84 141.51 139.89 138.03 135.96 133.71 131.34 128.91 126.46 124.06 121.78 119.67 
117.41 115.84 114.63 113.8 113.4 113.44 113.9 114.79 116.06 117.68 119.59 121.72 124.03 126.44 128.89 131.32 133.67 135.9 137.94 139.77 141.34 142.62 143.6 144.26 144.57 144.55 144.18 143.47 142.45 141.11 139.5 137.64 135.56 133.32 130.95 128.51 126.07 123.67 121.38 119.28 
117.02 115.45 114.23 113.41 113.01 113.04 113.51 114.39 115.67 117.28 119.19 121.33 123.64 126.05 128.5 130.93 133.28 135.5 137.55 139.37 140.94 142.23 143.21 143.86 144.18 144.15 143.78 143.08 142.05 140.72 139.11 137.24 135.17 132.92 130.56 128.12 125.67 123.27 120.99 118.88 
116.62 115.05 113.84 113.01 112.61 112.64 113.11 114 115.27 116.89 118.8 120.94 123.24 125.66 128.11 130.54 132.89 135.11 137.15 138.98 140.55 141.83 142.81 143.46 143.78 143.75 143.39 142.68 141.65 140.32 138.71 136.85 134.78 132.53 130.16 127.73 125.28 122.88 120.59 118.49 
116.22 114.66 113.44 112.62 112.21 112.25 112.72 113.6 114.88 116.49 118.4 120.54 122.85 125.26 127.71 130.14 132.49 134.71 136.76 138.58 140.15 141.44 142.41 143.07 143.38 143.36 142.99 142.28 141.26 139.93 138.32 136.45 134.38 132.14 129.77 127.33 124.89 122.49 120.2 118.09 
115.83 114.26 113.04 112.22 111.82 111.85 112.32 113.21 114.48 116.1 118.01 120.15 122.46 124.87 127.32 129.75 132.1 134.32 136.36 138.19 139.76 141.04 142.02 142.67 142.99 142.96 142.59 141.89 140.86 139.53 137.92 136.06 133.99 131.74 129.38 126.94 124.49 122.09 119.81 117.7 
