128.363739	127.940941	127.562630	127.236351	127.004997	126.866409	126.833145	126.892555	127.027176	127.195374	127.391701	127.577629	127.731728	127.829643	127.863510	127.831253	127.735184	127.590424	127.422752	127.236534	127.071915	126.942574	126.883095	126.897034	127.005020	127.193886	127.476288	127.811081	128.204453	128.601715	128.999252	129.357086	129.651230	129.856308	129.947510	129.932663	129.793991	129.549179	129.212433	128.814789	
128.762726	128.340332	127.952347	127.636284	127.404999	127.266342	127.232857	127.291939	127.416176	127.593880	127.789742	127.975258	128.129044	128.226746	128.260544	128.228348	128.132507	127.988060	127.810844	127.635033	127.470879	127.341942	127.282814	127.296944	127.405022	127.593819	127.865997	128.210464	128.593460	129.000244	129.397324	129.754761	130.048630	130.243561	130.344650	130.319916	130.181458	129.936951	129.610519	129.213333	
129.151733	128.739731	128.352066	128.036209	127.794998	127.666267	127.632576	127.681343	127.815140	127.982422	128.177841	128.362961	128.516418	128.613937	128.647659	128.615540	128.519897	128.375778	128.208893	128.023590	127.859871	127.741348	127.672539	127.696884	127.795006	127.993736	128.265717	128.599854	128.992432	129.398788	129.795425	130.142517	130.436096	130.640762	130.731857	130.707199	130.578857	130.334671	129.998672	129.601913	
129.550720	129.129135	128.751785	128.426132	128.195007	128.056198	128.022293	128.080719	128.204132	128.380936	128.575912	128.760620	128.903824	129.011063	129.044724	129.012650	128.917236	128.773422	128.597015	128.422104	128.258865	128.130753	128.072266	128.086823	128.195007	128.383667	128.665436	128.999252	129.381439	129.787369	130.183594	130.540253	130.833511	131.028046	131.119080	131.104431	130.966354	130.722458	130.386856	130.000473	
129.949722	129.528519	129.141510	128.826050	128.595001	128.456116	128.422012	128.470108	128.603104	128.769501	128.964020	129.148346	129.301178	129.398270	129.431870	129.399887	129.304657	129.161163	128.995102	128.810684	128.647873	128.530136	128.472000	128.486740	128.595001	128.783600	129.055161	129.398666	129.780441	130.185928	130.581711	130.928040	131.220993	131.415344	131.516251	131.491730	131.353851	131.110260	130.784988	130.389084	
130.338760	129.917938	129.541229	129.216003	128.985001	128.856049	128.811737	128.869522	128.992142	129.168045	129.362122	129.536102	129.688614	129.785507	129.819031	129.787125	129.692093	129.558838	129.383240	129.209229	129.046844	128.919556	128.861710	128.886673	128.985016	129.183517	129.454865	129.788071	130.179443	130.574524	130.969879	131.325790	131.608505	131.812607	131.903519	131.879059	131.751312	131.508026	131.173187	130.787674	
130.727798	130.317352	129.930954	129.615906	129.385010	129.245987	129.211456	129.258926	129.391129	129.556625	129.750275	129.933807	130.076065	130.172775	130.206223	130.174393	130.089493	129.946609	129.771393	129.597809	129.435883	129.318970	129.261429	129.276596	129.385010	129.573456	129.844620	130.187469	130.568481	130.973083	131.358078	131.713608	132.005966	132.199951	132.290787	132.276337	132.138840	131.895859	131.571350	131.176285	
131.126816	130.706772	130.330688	130.005844	129.774994	129.645905	129.601196	129.658325	129.780151	129.955170	130.138428	130.321579	130.473465	130.569977	130.603348	130.571594	130.476959	130.334381	130.169510	129.986404	129.834885	129.708374	129.651169	129.676544	129.774994	129.973373	130.244339	130.576889	130.957520	131.361710	131.756226	132.101440	132.393509	132.587296	132.688004	132.663696	132.526398	132.283707	131.959564	131.564911	
131.515854	131.096207	130.720413	130.405777	130.174988	130.035843	130.000916	130.047760	130.169174	130.343781	130.536530	130.709351	130.860962	130.957260	130.990585	130.958878	130.864441	130.722183	130.557678	130.384964	130.223923	130.107788	130.050888	130.066467	130.174988	130.363312	130.634064	130.976303	131.356537	131.750336	132.144424	132.499222	132.781067	132.984604	133.075317	133.051086	132.913956	132.671555	132.347794	131.953552	
131.904922	131.495621	131.110153	130.795715	130.565002	130.425781	130.390640	130.447174	130.568192	130.732376	130.924728	131.097153	131.248459	131.344559	131.377823	131.346176	131.251923	131.119919	130.945862	130.773575	130.612961	130.497223	130.440628	130.456406	130.565018	130.753235	131.033783	131.365753	131.745590	132.148941	132.532669	132.887085	133.168625	133.371994	133.462631	133.438461	133.301529	133.059418	132.736023	132.352173	
132.293976	131.885056	131.509888	131.185638	130.955002	130.825699	130.780380	130.836594	130.957230	131.120987	131.312927	131.484955	131.635956	131.731873	131.765076	131.733505	131.639465	131.507751	131.334061	131.162201	131.002014	130.886658	130.830383	130.856323	130.955017	131.153183	131.423523	131.755188	132.134644	132.537582	132.920898	133.274948	133.556198	133.759384	133.849976	133.825882	133.689133	133.447311	133.124268	132.740814	
132.687286	132.279083	131.904434	131.590515	131.350006	131.220596	131.184921	131.230606	131.350525	131.513428	131.704422	131.875504	132.025558	132.120560	132.152939	132.120621	132.025986	131.893768	131.719727	131.547592	131.387222	131.271744	131.215408	131.241333	131.350021	131.538193	131.808563	132.140289	132.519882	132.923004	133.306610	133.661041	133.942795	134.146606	134.237930	134.214645	134.078812	133.837936	133.515854	133.133316	
133.076355	132.668503	132.294174	131.980453	131.740005	131.610519	131.574661	131.620041	131.739563	131.902069	132.092636	132.263351	132.413086	132.507919	132.540222	132.507980	132.413513	132.271683	132.107925	131.936218	131.776260	131.661194	131.605148	131.631256	131.740021	131.928116	132.198303	132.529724	132.908936	133.311661	133.694855	134.048935	134.330414	134.524109	134.615341	134.602081	134.466431	134.225830	133.904114	133.521988	
133.465424	133.057968	132.683914	132.360413	132.130005	132.000458	131.954407	132.009476	132.128632	132.290710	132.470917	132.651199	132.790710	132.885345	132.917587	132.885422	132.801071	132.659515	132.496185	132.324860	132.165329	132.050629	131.994888	132.021210	132.130005	132.318054	132.588058	132.919159	133.298004	133.700317	134.083115	134.436829	134.718033	134.911545	135.002747	134.979599	134.854065	134.613754	134.292389	133.900711	
133.850281	133.442856	133.058853	132.745377	132.514999	132.385452	132.339340	132.394333	132.503479	132.675537	132.855835	133.026398	133.176208	133.271393	133.304321	133.273010	133.179703	133.049179	132.886963	132.706787	132.558243	132.444382	132.389313	132.416061	132.515015	132.712891	132.982483	133.312927	133.690918	134.082260	134.473923	134.816574	135.096741	135.299210	135.389557	135.365723	135.229706	134.988998	134.667404	134.285568	
134.229385	133.822311	133.448608	133.135315	132.904999	132.765381	132.729080	132.773788	132.892548	133.054230	133.244080	133.414276	133.553864	133.648849	133.681717	133.650482	133.567291	133.427094	133.265228	133.095444	132.947311	132.833832	132.779068	132.796005	132.905014	133.092834	133.362228	133.702377	134.079987	134.470932	134.852249	135.204514	135.484390	135.676743	135.767029	135.743240	135.617371	135.376953	135.055710	134.664291	
134.622711	134.216339	133.833160	133.520203	133.290009	133.160278	133.113632	133.167816	133.285858	133.446716	133.625687	133.794922	133.943512	134.027679	134.059723	134.037674	133.943924	133.813202	133.640991	133.470917	133.322571	133.208969	133.154114	133.181015	133.290024	133.477844	133.747284	134.077515	134.455276	134.846405	135.237991	135.580704	135.861099	136.054077	136.145111	136.132095	135.997147	135.757675	135.437378	135.056824	
134.997604	134.591232	134.218109	133.905182	133.674988	133.535233	133.498566	133.542709	133.660721	133.821594	134.000687	134.170151	134.319138	134.413757	134.446503	134.415375	134.322632	134.192963	134.031815	133.862823	133.705505	133.592789	133.548569	133.565887	133.675003	133.862701	134.131729	134.471298	134.838226	135.238342	135.618881	135.960510	136.239822	136.441788	136.531982	136.508316	136.372833	136.132980	135.812408	135.431732	
135.376724	134.970718	134.597855	134.285126	134.054993	133.915176	133.878326	133.922165	134.039825	134.200317	134.378998	134.548126	134.696823	134.791260	134.823944	134.792892	134.700333	134.570938	134.410141	134.241562	134.084625	133.982239	133.928314	133.945831	134.055008	134.252625	134.511490	134.850769	135.227325	135.617081	135.997253	136.338516	136.617584	136.819366	136.899567	136.885895	136.750595	136.511002	136.190781	135.810486	
135.755844	135.350189	134.977631	134.665070	134.434998	134.295120	134.258072	134.301651	134.418945	134.579025	134.757339	134.926102	135.074509	135.158859	135.191483	135.160477	135.078003	134.948914	134.788452	134.620255	134.463745	134.361710	134.308075	134.325745	134.435013	134.632568	134.901230	135.230240	135.606445	135.995834	136.375595	136.716553	136.995346	137.187027	137.277100	137.253555	137.128357	136.889053	136.569168	136.189240	
136.134979	135.729691	135.357361	135.044983	134.815002	134.675064	134.637833	134.681107	134.798050	134.957748	135.135666	135.304077	135.442291	135.536377	135.568939	135.538010	135.455719	135.316956	135.156860	134.989044	134.842865	134.731201	134.687836	134.705704	134.815018	135.002518	135.270996	135.609741	135.975601	136.374573	136.753983	137.094589	137.373108	137.564636	137.654663	137.631180	137.496201	137.267090	136.947540	136.568008	
136.504150	136.099167	135.727142	135.424942	135.195007	135.055008	135.017593	135.060593	135.167206	135.326523	135.504059	135.672134	135.819992	135.904007	135.936508	135.915573	135.823502	135.694962	135.535202	135.367767	135.222000	135.110687	135.057617	135.085632	135.195023	135.382462	135.650757	135.979218	136.354736	136.743378	137.122391	137.462692	137.740967	137.932312	138.022278	138.008789	137.873993	137.635208	137.315994	136.936798	
136.883286	136.478653	136.106903	135.794861	135.565002	135.424927	135.387344	135.430084	135.546326	135.705261	135.872452	136.050140	136.187805	136.281540	136.313995	136.283188	136.191315	136.063019	135.903610	135.736542	135.591141	135.480179	135.437363	135.455582	135.565018	135.762390	136.030502	136.358704	136.723892	137.122131	137.500793	137.840744	138.118744	138.309952	138.399857	138.376511	138.241867	138.003311	137.694382	137.315567	
137.256699	136.852722	136.481476	136.169769	135.940002	135.809830	135.761932	135.804153	135.919724	136.077850	136.254120	136.420929	136.557663	136.650528	136.682159	136.650604	136.558090	136.429276	136.269455	136.112045	135.956467	135.855331	135.802444	135.830597	135.940018	136.127411	136.395584	136.723877	137.099197	137.487701	137.866684	138.207062	138.485596	138.677429	138.768082	138.745544	138.611786	138.384125	138.066147	137.688202	
137.625870	137.222229	136.851257	136.539719	136.309998	136.179764	136.131699	136.173645	136.288879	136.446640	136.612579	136.789001	136.925476	137.008240	137.039810	137.018250	136.925919	136.797363	136.637878	136.470886	136.325638	136.224823	136.172211	136.200531	136.310013	136.497345	136.765350	137.093369	137.468384	137.856506	138.235138	138.575180	138.853485	139.045151	139.125809	139.113266	138.979675	138.742294	138.424652	138.057022	
137.980850	137.587173	137.216202	136.904694	136.674988	136.544754	136.496658	136.538574	136.653809	136.801651	136.977707	137.144440	137.281311	137.374573	137.406845	137.376205	137.294785	137.167282	137.008865	136.842911	136.698639	136.588669	136.546677	136.575378	136.675003	136.872208	137.139816	137.467209	137.831406	138.218582	138.596191	138.935181	139.212448	139.403168	139.492920	139.469727	139.335571	139.107742	138.789810	138.412079	
138.350037	137.946701	137.575989	137.274643	137.044998	136.904694	136.866440	136.908081	137.013016	137.170456	137.346130	137.512558	137.649155	137.732315	137.764526	137.743881	137.652664	137.525436	137.367340	137.211716	137.067810	136.958160	136.906433	136.935318	137.045013	137.232147	137.499588	137.826721	138.200607	138.587402	138.964645	139.303329	139.580353	139.770905	139.850662	139.837479	139.703491	139.465958	139.148346	138.780930	
138.709244	138.306229	137.945770	137.634583	137.404999	137.274643	137.226212	137.267609	137.372208	137.529297	137.704620	137.870712	138.007065	138.090073	138.122223	138.101639	138.010590	137.883606	137.725830	137.570572	137.427017	137.317688	137.276230	137.295273	137.405014	137.602097	137.869354	138.196228	138.559814	138.946259	139.323166	139.661545	139.938324	140.128708	140.208435	140.195297	140.061462	139.824173	139.516830	139.139786	
139.068466	138.665756	138.305542	137.994537	137.764999	137.634583	137.585999	137.627136	137.731400	137.888138	138.063110	138.228897	138.364990	138.447815	138.479935	138.459396	138.368500	138.241776	138.084320	137.929413	137.786209	137.677216	137.636002	137.665207	137.765015	137.962021	138.229126	138.555756	138.919022	139.305130	139.681686	140.019760	140.296295	140.486542	140.566208	140.543182	140.419449	140.182388	139.875351	139.498657	
139.427673	139.025284	138.665344	138.354477	138.125000	137.984528	137.945770	137.986649	138.090607	138.246994	138.411652	138.577118	138.712982	138.805603	138.837662	138.807220	138.726440	138.599960	138.442825	138.288269	138.145432	138.036743	137.995789	138.015167	138.125015	138.321976	138.578918	138.905304	139.278229	139.664001	140.040222	140.377991	140.644318	140.834442	140.923981	140.901016	140.767502	140.540634	140.223953	139.847580	
139.776932	139.384827	139.015137	138.704422	138.485001	138.344482	138.295563	138.336197	138.449829	138.595871	138.770142	138.935318	139.070938	139.153427	139.185455	139.155075	139.074448	138.948196	138.791367	138.637146	138.494659	138.396271	138.345566	138.375107	138.485016	138.671921	138.938690	139.264847	139.637436	140.012924	140.388809	140.726257	141.002319	141.192291	141.271851	141.248932	141.125504	140.888947	140.582489	140.206451	
140.126175	139.734375	139.364914	139.064362	138.834991	138.694427	138.655334	138.685745	138.799042	138.944778	139.118713	139.283569	139.418945	139.501297	139.533249	139.512878	139.422470	139.296448	139.149887	138.986053	138.843903	138.745834	138.695374	138.725082	138.835007	139.021866	139.288513	139.614395	139.986694	140.371811	140.737381	141.074570	141.350388	141.540207	141.619705	141.596848	141.473587	141.237228	140.931076	140.555389	
140.475433	140.083939	139.714706	139.414307	139.184998	139.044357	139.005127	139.035278	139.148285	139.293671	139.467270	139.631821	139.757019	139.849182	139.881073	139.850800	139.770477	139.644714	139.488495	139.334946	139.193130	139.095383	139.045151	139.074997	139.185013	139.371811	139.638275	139.963943	140.335953	140.720703	141.085983	141.422867	141.698486	141.878189	141.967590	141.944778	141.821655	141.585556	141.269745	140.904312	
140.824692	140.423508	140.064499	139.754257	139.535004	139.394318	139.344925	139.384827	139.487564	139.642578	139.805878	139.970154	140.105042	140.197037	140.228882	140.198700	140.118530	139.992996	139.837067	139.683868	139.542374	139.434937	139.394958	139.424957	139.535019	139.721741	139.988098	140.313477	140.675217	141.059677	141.434570	141.771164	142.036621	142.226135	142.315475	142.292740	142.159805	141.933853	141.618332	141.243286	
141.163956	140.773056	140.404297	140.104202	139.875000	139.734253	139.694717	139.724396	139.836807	139.981522	140.144501	140.308472	140.443146	140.534988	140.566803	140.536636	140.456619	140.331314	140.175690	140.022797	139.881653	139.784485	139.734741	139.764893	139.875015	140.061691	140.327866	140.653061	141.024475	141.398636	141.773224	142.109543	142.374741	142.564133	142.653442	142.630737	142.497971	142.272247	141.957016	141.592224	
141.503265	141.112625	140.744095	140.444153	140.214996	140.074203	140.034515	140.063950	140.176071	140.320465	140.483109	140.646805	140.781250	140.872955	140.904694	140.874588	140.794708	140.669662	140.514313	140.361755	140.220932	140.124054	140.074554	140.104843	140.215012	140.401642	140.667648	140.992630	141.363754	141.737595	142.111877	142.447906	142.712906	142.902145	142.991409	142.968765	142.836136	142.610641	142.295670	141.921234	
141.842545	141.442200	141.083893	140.784103	140.554993	140.414154	140.364319	140.403534	140.505371	140.659424	140.821762	140.985138	141.119354	141.200974	141.232681	141.202606	141.122894	140.998047	140.852966	140.690735	140.560211	140.453644	140.414352	140.444794	140.555008	140.741592	141.007492	141.332199	141.693069	142.076553	142.450531	142.776337	143.051071	143.240189	143.319443	143.296860	143.174286	142.939072	142.634338	142.260208	
142.171860	141.781784	141.413712	141.114044	140.885010	140.754105	140.704117	140.743103	140.844650	140.988403	141.150421	141.313538	141.447540	141.529007	141.560669	141.540604	141.451080	141.336411	141.181625	141.029709	140.889511	140.793213	140.744171	140.774734	140.885025	141.081543	141.337265	141.661789	142.032349	142.405563	142.779236	143.114746	143.379303	143.568268	143.647507	143.624954	143.502518	143.267517	142.963043	142.589218	
142.501190	142.111374	141.743515	141.444000	141.214996	141.084061	141.033920	141.072662	141.173950	141.317398	141.479111	141.641953	141.775726	141.857071	141.888657	141.858704	141.779266	141.654846	141.510300	141.358704	141.218796	141.122787	141.083954	141.104691	141.215012	141.411484	141.667068	141.991348	142.361664	142.734573	143.107941	143.443192	143.707535	143.896362	143.975571	143.953049	143.830765	143.595978	143.291779	142.918228	
142.830490	142.430969	142.073334	141.773941	141.544998	141.404007	141.363724	141.392273	141.493271	141.636429	141.807800	141.960419	142.093979	142.185104	142.216675	142.186768	142.107468	141.983261	141.839005	141.677719	141.548111	141.442398	141.403763	141.434647	141.545013	141.731445	141.996887	142.320953	142.680984	143.063599	143.436661	143.761673	144.035767	144.214539	144.303619	144.281174	144.149063	143.924423	143.610535	143.247269	
143.149826	142.760574	142.393127	142.093903	141.864990	141.733948	141.683548	141.721863	141.822571	141.965424	142.126541	142.288818	142.412247	142.503250	142.534760	142.504883	142.425720	142.301743	142.157745	142.006744	141.867462	141.772003	141.733597	141.764603	141.865005	142.061386	142.326706	142.640549	143.010300	143.382645	143.755432	144.080185	144.354080	144.532715	144.621750	144.599335	144.467377	144.242950	143.939270	143.566330	
143.469177	143.080185	142.712952	142.413864	142.184998	142.053909	142.003357	142.041458	142.141922	142.284470	142.445282	142.597366	142.730499	142.821381	142.852829	142.823029	142.743973	142.620224	142.476486	142.325760	142.186768	142.091583	142.053406	142.084564	142.185013	142.381348	142.646515	142.960175	143.329651	143.701691	144.074188	144.398697	144.672379	144.850891	144.939911	144.917526	144.785690	144.561462	144.248093	143.885391	
143.778549	143.389801	143.032776	142.733795	142.505005	142.363846	142.323181	142.351059	142.451279	142.593521	142.754059	142.915833	143.048782	143.129562	143.160995	143.131210	143.052307	142.938705	142.785263	142.634857	142.506134	142.401199	142.363220	142.394516	142.505020	142.691315	142.956329	143.279770	143.639023	144.020752	144.383011	144.717209	144.980743	145.169083	145.248108	145.225784	145.104019	144.870041	144.566864	144.204453	
144.097885	143.699417	143.342590	143.043762	142.815002	142.683823	142.632996	142.660690	142.760620	142.902618	143.072800	143.224365	143.357101	143.437759	143.469162	143.449387	143.360641	143.247238	143.094086	142.943939	142.815491	142.720825	142.673050	142.704483	142.815018	143.011276	143.266174	143.589386	143.958359	144.329849	144.691818	145.025772	145.289139	145.477356	145.556320	145.534042	145.412399	145.178604	144.875687	144.513550	
144.397293	144.009048	143.652435	143.353729	143.125000	142.983780	142.942825	142.970322	143.069992	143.211685	143.371643	143.532913	143.655502	143.746002	143.777328	143.747650	143.668991	143.545837	143.402878	143.253006	143.124847	143.020447	142.982864	143.014420	143.125015	143.321213	143.575974	143.899017	144.257751	144.638947	145.000626	145.334366	145.597519	145.775650	145.864532	145.842300	145.710846	145.487198	145.184525	144.812683	
144.706665	144.318665	143.962250	143.653671	143.434998	143.293716	143.242661	143.279922	143.369385	143.520767	143.680450	143.831512	143.963852	144.044250	144.075562	144.055847	143.967392	143.854385	143.711685	143.552124	143.424240	143.330078	143.292694	143.324371	143.435013	143.621170	143.885803	144.208633	144.567123	144.938065	145.309464	145.632980	145.895950	146.083923	146.162827	146.140625	146.019257	145.785843	145.483398	145.121796	
145.006073	144.618301	144.262070	143.953644	143.735001	143.593689	143.542496	143.579575	143.678741	143.819885	143.979294	144.130112	144.262268	144.342545	144.373795	144.344193	144.265793	144.152985	144.000549	143.851242	143.723633	143.629700	143.592529	143.624329	143.735016	143.921112	144.185623	144.508286	144.866516	145.237198	145.608322	145.931625	146.194397	146.382263	146.461121	146.438980	146.317703	146.084488	145.782288	145.420944	
145.295471	144.907974	144.551910	144.253601	144.024994	143.893631	143.842331	143.869217	143.968170	144.109024	144.268188	144.428711	144.550720	144.640854	144.672043	144.642502	144.564224	144.441635	144.299408	144.150360	144.023041	143.929352	143.882385	143.924301	144.025009	144.221069	144.485474	144.797928	145.155945	145.536331	145.897247	146.230255	146.492874	146.670670	146.759415	146.737320	146.606201	146.383118	146.081161	145.710098	
145.594894	145.207596	144.841766	144.543564	144.325012	144.183594	144.132156	144.168854	144.257568	144.398178	144.557068	144.717361	144.839203	144.929184	144.960373	144.930862	144.852707	144.730301	144.588303	144.439514	144.312439	144.219009	144.182190	144.214264	144.325027	144.511047	144.775299	145.097565	145.455338	145.825500	146.186157	146.518951	146.781387	146.959061	147.047791	147.025711	146.894730	146.671814	146.370071	145.999268	
145.878555	145.491821	145.136398	144.838455	144.610001	144.478516	144.426804	144.453064	144.551193	144.691132	144.849243	144.998749	145.129700	145.208923	145.239288	145.218964	145.140137	145.017136	144.874634	144.725418	144.598007	144.504318	144.457367	144.499298	144.610016	144.796082	145.060455	145.372910	145.730927	146.111420	146.472519	146.795853	147.068848	147.247223	147.326752	147.305481	147.185272	146.963211	146.652328	146.292252	
146.163773	145.776932	145.421432	145.113464	144.894989	144.753510	144.701843	144.738159	144.826416	144.966522	145.124908	145.284760	145.406219	145.495987	145.527069	145.497650	145.419739	145.297684	145.156143	145.007858	144.881302	144.788315	144.751877	144.784180	144.895004	145.080963	145.344986	145.666885	146.024216	146.393860	146.754044	147.086380	147.348465	147.525925	147.614578	147.592606	147.461823	147.239273	146.937973	146.567657	
146.433228	146.056610	145.701294	145.393433	145.174988	145.033478	144.981674	145.017853	145.105865	145.245712	145.403854	145.553528	145.684753	145.764481	145.795532	145.776077	145.698257	145.576401	145.435089	145.287048	145.160751	145.067993	145.031754	145.064148	145.175003	145.360916	145.624832	145.946548	146.303650	146.673065	147.033005	147.365128	147.627045	147.804413	147.883072	147.861115	147.740417	147.518021	147.206970	146.846878	
146.712692	146.326294	145.971146	145.673386	145.445007	145.313446	145.261520	145.287506	145.385300	145.524902	145.682800	145.832245	145.953354	146.042908	146.073929	146.044556	145.966858	145.855133	145.704071	145.566254	145.430206	145.337677	145.301590	145.334106	145.445023	145.640869	145.894699	146.216232	146.573135	146.952271	147.311981	147.633942	147.895706	148.072937	148.161514	148.139603	148.009079	147.786835	147.485962	147.126083	
146.986374	146.600510	146.245773	145.948288	145.720001	145.588348	145.536179	145.561752	145.658981	145.797928	145.955063	146.103699	146.223984	146.312714	146.342926	146.312820	146.234421	146.122070	145.970490	145.832230	145.695831	145.603027	145.566742	145.599136	145.720016	145.905914	146.159836	146.481583	146.838745	147.218262	147.578400	147.900909	148.163284	148.341217	148.430573	148.409439	148.279739	148.058334	147.758255	147.399124	
147.241669	146.865662	146.510849	146.213318	145.985001	145.843369	145.791260	145.826889	145.914261	146.053391	146.210815	146.359848	146.490585	146.569977	146.600922	146.571640	146.504089	146.382736	146.242050	146.094742	145.969131	145.877045	145.841278	145.874023	145.985016	146.170792	146.434387	146.755600	147.112061	147.480789	147.840027	148.161591	148.432968	148.610016	148.688583	148.666748	148.546371	148.314514	148.014038	147.654617	
147.511124	147.125351	146.770706	146.473267	146.244995	146.103333	146.061096	146.086563	146.173737	146.312653	146.469849	146.618668	146.749237	146.828522	146.859436	146.830200	146.762756	146.641571	146.501099	146.354004	146.228638	146.136734	146.101166	146.133987	146.245026	146.440750	146.694229	147.015305	147.371552	147.740051	148.099075	148.430405	148.691681	148.868622	148.947174	148.925354	148.805084	148.573380	148.273087	147.913895	
147.760651	147.375076	147.020569	146.723251	146.505005	146.363281	146.310959	146.346252	146.433228	146.571915	146.728882	146.877487	146.997971	147.087112	147.117981	147.088760	147.011475	146.900406	146.760132	146.613266	146.488129	146.396423	146.361008	146.393967	146.505020	146.690735	146.954117	147.274994	147.631073	147.999329	148.358139	148.679306	148.940445	149.117279	149.205750	149.183960	149.053833	148.832230	148.532150	148.173172	
148.010162	147.634766	147.280426	146.983231	146.755005	146.613235	146.560822	146.595963	146.682739	146.821198	146.977951	147.126373	147.246704	147.335739	147.366577	147.337387	147.260193	147.149292	147.009201	146.862564	146.737640	146.646133	146.610870	146.643936	146.755005	146.940689	147.203964	147.524704	147.880569	148.248642	148.607239	148.928223	149.189194	149.365952	149.454361	149.432648	149.302597	149.081146	148.781250	148.422485	
148.259689	147.874512	147.520294	147.223175	147.005005	146.863205	146.810699	146.835693	146.932251	147.070496	147.217087	147.375259	147.495422	147.574432	147.605225	147.586029	147.508926	147.388229	147.248337	147.111862	146.977173	146.895844	146.860748	146.893875	147.004990	147.190674	147.453842	147.764435	148.120102	148.497940	148.856323	149.177109	149.437958	149.614609	149.693069	149.671371	149.551361	149.330063	149.030365	148.671799	
148.499237	148.114212	147.770157	147.463135	147.244995	147.103180	147.050552	147.085403	147.171783	147.309830	147.466171	147.614197	147.734207	147.813110	147.843887	147.824722	147.747726	147.627136	147.487442	147.351196	147.226685	147.135574	147.100632	147.133850	147.245026	147.430634	147.693710	148.014145	148.369629	148.737289	149.095459	149.416077	149.676773	149.853348	149.941711	149.910095	149.790207	149.569031	149.269516	148.911148	
148.738785	148.353958	148.000061	147.703110	147.485001	147.343155	147.290436	147.315125	147.411331	147.539185	147.695328	147.843185	147.973007	148.051819	148.082550	148.053467	147.986526	147.866089	147.726578	147.580536	147.456238	147.365295	147.340485	147.373825	147.485016	147.670578	147.933578	148.243866	148.599182	148.966644	149.334610	149.655029	149.915604	150.092087	150.170456	150.148819	150.019058	149.798050	149.498688	149.140533	
148.968338	148.583679	148.229935	147.933060	147.714996	147.573120	147.520294	147.554855	147.640884	147.778519	147.924469	148.072174	148.201843	148.280563	148.311279	148.282227	148.215363	148.095078	147.955734	147.819885	147.685806	147.605042	147.570374	147.603790	147.715012	147.900574	148.163452	148.483597	148.828751	149.205994	149.563782	149.884033	150.144455	150.320862	150.399216	150.377625	150.257889	150.037003	149.727859	149.369888	
149.197906	148.813416	148.459793	148.163040	147.945007	147.803085	147.750183	147.774597	147.870422	147.997910	148.153641	148.301147	148.420746	148.509338	148.540009	148.511002	148.434265	148.324051	148.184906	148.039276	147.915359	147.824783	147.790237	147.833771	147.944992	148.130524	148.393341	148.703354	149.058319	149.425400	149.783005	150.103104	150.363388	150.539719	150.627975	150.606430	150.476807	150.256058	149.957062	149.599258	
149.417480	149.033173	148.679672	148.383011	148.165009	148.023056	147.970078	147.994354	148.090012	148.217285	148.372849	148.520187	148.649612	148.728149	148.758789	148.729797	148.653168	148.543091	148.404099	148.258667	148.134933	148.054504	148.020126	148.053726	148.164993	148.350510	148.613220	148.923096	149.277908	149.654770	150.012177	150.332108	150.582321	150.768509	150.846802	150.825272	150.695755	150.475128	150.176285	149.818665	
149.627090	149.252930	148.899567	148.602966	148.385010	148.243027	148.189926	148.214096	148.299606	148.436676	148.592041	148.739227	148.858551	148.937027	148.967651	148.948624	148.872086	148.762146	148.623306	148.478058	148.354523	148.264267	148.230026	148.273712	148.385010	148.570465	148.833115	149.142868	149.497482	149.864197	150.221451	150.541214	150.801254	150.977417	151.065628	151.034164	150.914688	150.694183	150.395508	150.038071	
149.836685	149.462677	149.109467	148.812958	148.595001	148.453018	148.399841	148.423859	148.519196	148.646103	148.801285	148.948303	149.067520	149.145889	149.176483	149.157501	149.081024	148.971222	148.832565	148.687469	148.564117	148.474045	148.449921	148.483688	148.595001	148.780426	149.042984	149.352600	149.707092	150.073624	150.430695	150.750320	151.010254	151.186325	151.274521	151.253021	151.123672	150.903305	150.604767	150.247528	
150.050522	149.677002	149.324142	149.027878	148.800003	148.667923	148.614532	148.638184	148.723022	148.859314	149.003845	149.150101	149.278473	149.356064	149.385864	149.356171	149.288925	149.168503	149.029251	148.893646	148.769867	148.679459	148.645111	148.678726	148.800018	148.985489	149.238190	149.558044	149.912842	150.279800	150.637375	150.957581	151.218170	151.394958	151.473969	151.453278	151.324738	151.105148	150.807343	150.460739	
150.245926	149.872238	149.519241	149.222900	149.005005	148.862946	148.809616	148.833405	148.918427	149.054993	149.199844	149.346573	149.475479	149.553711	149.584244	149.555389	149.489014	149.369476	149.231125	149.096359	148.973343	148.883575	148.849701	148.893631	149.005005	149.190384	149.452774	149.762146	150.116318	150.482513	150.839249	151.158585	151.418243	151.594208	151.672379	151.650940	151.521759	151.301605	151.003372	150.656433	
150.445557	150.062012	149.709152	149.422867	149.195007	149.052917	148.999527	149.033173	149.118042	149.244461	149.399155	149.545700	149.664536	149.742691	149.773224	149.754318	149.678070	149.568619	149.430420	149.285843	149.162994	149.083344	149.049591	149.083588	149.195007	149.390366	149.642700	149.961929	150.305969	150.681976	151.028595	151.347763	151.607346	151.783218	151.871323	151.849930	151.720795	151.500763	151.202698	150.845901	
150.635208	150.251801	149.909058	149.612839	149.385010	149.242920	149.189407	149.222961	149.307693	149.433945	149.588455	149.734894	149.853622	149.931702	149.962189	149.943314	149.867142	149.757797	149.619736	149.475327	149.352631	149.273148	149.239517	149.273560	149.385010	149.580338	149.832581	150.151703	150.495605	150.871460	151.217926	151.536972	151.796432	151.972229	152.060318	152.028992	151.909897	151.689972	151.392014	151.035416	
150.814880	150.441589	150.088959	149.792831	149.575012	149.432877	149.379303	149.402756	149.487366	149.623413	149.767822	149.914108	150.042679	150.120682	150.151169	150.122360	150.046265	149.937042	149.799103	149.664795	149.542282	149.452942	149.419403	149.463547	149.574997	149.760300	150.022461	150.331528	150.685257	151.050980	151.407272	151.726166	151.985535	152.161240	152.239380	152.218033	152.089035	151.869232	151.571396	151.224915	
150.994553	150.621399	150.268845	149.972794	149.755005	149.612839	149.559235	149.582550	149.667007	149.802933	149.947189	150.093338	150.211868	150.299744	150.330185	150.301422	150.225388	150.116257	149.978455	149.844315	149.721924	149.632736	149.599319	149.643539	149.754990	149.940262	150.202408	150.511307	150.864929	151.230499	151.586639	151.905426	152.154724	152.340347	152.418427	152.397095	152.268173	152.048477	151.750778	151.394455	
151.164230	150.791214	150.438766	150.142776	149.924988	149.782822	149.729126	149.752350	149.846695	149.972473	150.126556	150.262604	150.390976	150.468857	150.499268	150.470520	150.404510	150.285522	150.157837	150.013855	149.891617	149.802536	149.779205	149.813507	149.925018	150.110260	150.372299	150.681122	151.034622	151.400055	151.756042	152.074707	152.333862	152.509476	152.587540	152.566238	152.437378	152.217758	151.920197	151.573990	
151.333908	150.961029	150.608688	150.312744	150.095001	149.952805	149.899048	149.922165	150.006378	150.142029	150.285995	150.431885	150.550201	150.637970	150.668365	150.639633	150.563736	150.454803	150.317276	150.183395	150.061295	149.972351	149.939148	149.983490	150.095001	150.280228	150.542221	150.850952	151.204300	151.569595	151.925461	152.243988	152.503067	152.678604	152.756653	152.735382	152.606567	152.387054	152.089615	151.733551	
151.493622	151.120850	150.768616	150.472717	150.255005	150.112778	150.058960	150.081985	150.176056	150.301590	150.445419	150.591202	150.719376	150.797119	150.827499	150.798798	150.722946	150.614120	150.476700	150.342972	150.221008	150.132172	150.109039	150.143463	150.255005	150.440201	150.702133	151.020737	151.363983	151.729187	152.084900	152.403320	152.662308	152.837784	152.915817	152.894547	152.765823	152.546387	152.249054	151.903122	
151.653336	151.280670	150.928528	150.632721	150.415009	150.272766	150.218887	150.241821	150.325790	150.461151	150.604858	150.750519	150.868652	150.946335	150.976700	150.957947	150.882172	150.773438	150.636139	150.502548	150.380707	150.292023	150.258987	150.303436	150.415009	150.600204	150.862061	151.170593	151.523697	151.888748	152.244354	152.562653	152.811600	152.987015	153.074997	153.043793	152.925064	152.705734	152.408508	152.052719	
151.803055	151.430496	151.078430	150.782684	150.565002	150.422729	150.368820	150.391647	150.475494	150.610748	150.754333	150.899872	151.017914	151.095566	151.125900	151.107178	151.031448	150.922806	150.785599	150.652130	150.530426	150.441833	150.418900	150.453430	150.565002	150.750168	151.011963	151.320419	151.673431	152.038361	152.393829	152.712051	152.960876	153.136261	153.224213	153.202988	153.074356	152.855103	152.558014	152.202316	
151.957016	151.574905	151.233185	150.937622	150.709991	150.577682	150.523544	150.546051	150.629440	150.754166	150.907074	151.051910	151.169205	151.246063	151.275604	151.246170	151.179657	151.060349	150.932495	150.788483	150.666306	150.587326	150.554108	150.588470	150.710022	150.895233	151.147186	151.465897	151.819305	152.184692	152.530762	152.849609	153.109100	153.285233	153.363998	153.343567	153.215714	152.997208	152.710770	152.355728	
152.092529	151.710190	151.368317	151.072662	150.845001	150.712708	150.658661	150.681335	150.764969	150.889999	151.043320	151.178696	151.306534	151.384064	151.414352	151.385727	151.320053	151.201614	151.074600	150.931396	150.809906	150.731522	150.698746	150.733383	150.845001	151.040131	151.291824	151.610107	151.962891	152.317612	152.672867	152.990875	153.249527	153.424789	153.502762	153.481567	153.353043	153.133942	152.837051	152.491577	
152.222305	151.850067	151.498245	151.202652	150.985001	150.842697	150.788605	150.811188	150.894730	151.019669	151.172867	151.318115	151.435898	151.513397	151.543671	151.524994	151.449448	151.341019	151.204147	151.071014	150.949646	150.861374	150.828674	150.873367	150.985001	151.170105	151.431747	151.739944	152.092667	152.457245	152.812393	153.120331	153.378906	153.554138	153.632095	153.610916	153.492401	153.273392	152.976593	152.621231	
152.352051	151.969910	151.628174	151.332626	151.114990	150.972687	150.918518	150.941040	151.024490	151.149307	151.302399	151.447556	151.565277	151.642685	151.672989	151.644363	151.578812	151.460526	151.333679	151.190704	151.069443	150.991226	150.958633	151.003357	151.115021	151.300095	151.561707	151.869812	152.222427	152.586914	152.931992	153.249802	153.508316	153.683487	153.761429	153.740250	153.611847	153.392899	153.106125	152.750900	
152.471848	152.089798	151.748123	151.452606	151.235001	151.092667	151.038467	151.060913	151.144257	151.268997	151.422012	151.567062	151.684708	151.762085	151.792343	151.763748	151.698242	151.589966	151.453278	151.310379	151.199188	151.111099	151.078552	151.123322	151.235016	151.420074	151.681625	151.989670	152.342209	152.706589	153.061539	153.369308	153.627747	153.802887	153.880814	153.859665	153.731277	153.522354	153.225739	152.870590	
152.581635	152.209656	151.868042	151.572586	151.345001	151.212631	151.158401	151.180786	151.264053	151.388672	151.531616	151.676575	151.794174	151.881454	151.901764	151.883133	151.807709	151.699524	151.562912	151.430069	151.308975	151.230972	151.198502	151.233322	151.345001	151.540070	151.791565	152.109558	152.452011	152.816315	153.171173	153.488815	153.747192	153.922272	154.000183	153.979065	153.850708	153.631897	153.335358	152.990280	
152.695663	152.324097	151.982803	151.687531	151.459991	151.327576	151.273148	151.295227	151.378067	151.502167	151.644501	151.788788	151.905640	151.992188	152.011703	151.992310	151.916107	151.807190	151.669922	151.536499	151.414917	151.336517	151.303726	151.338379	151.460022	151.645126	151.896820	152.215088	152.557968	152.922745	153.278198	153.596527	153.855591	154.021515	154.110138	154.089798	153.962219	153.744125	153.448257	153.103790	
152.801239	152.419418	152.077927	151.782578	151.565002	151.422592	151.368317	151.390533	151.473648	151.598114	151.750854	151.895660	152.013123	152.090393	152.120605	152.092056	152.026657	151.908646	151.782135	151.639511	151.528580	151.440750	151.408401	151.453308	151.565002	151.750046	152.011459	152.319336	152.671616	153.035736	153.390427	153.697937	153.956207	154.131241	154.209122	154.188004	154.059753	153.841064	153.554626	153.199722	
152.901062	152.519318	152.177902	151.882553	151.665009	151.522598	151.468246	151.490448	151.573486	151.697845	151.850494	151.985291	152.112656	152.189880	152.220078	152.191559	152.116226	152.008240	151.881790	151.739243	151.618439	151.540634	151.508331	151.553253	151.665009	151.850037	152.111404	152.419205	152.771423	153.135483	153.480118	153.797546	154.055740	154.230728	154.308609	154.287506	154.159286	153.940659	153.644318	153.299469	
152.990906	152.609222	152.267838	151.972549	151.755005	151.612595	151.558212	151.580338	151.663315	151.787613	151.940186	152.084869	152.202225	152.279419	152.309616	152.281097	152.215759	152.097855	151.971481	151.829010	151.718246	151.630539	151.598297	151.643265	151.755005	151.940018	152.201370	152.509125	152.861252	153.225235	153.579773	153.887177	154.145325	154.320282	154.398148	154.377060	154.248871	154.030289	153.743973	153.389236	
153.074982	152.703674	152.362610	152.067459	151.839996	151.707520	151.652954	151.674789	151.757355	151.881165	152.023178	152.167206	152.283829	152.360275	152.389694	152.370331	152.294296	152.185608	152.048615	151.915497	151.794235	151.716095	151.683563	151.718338	151.839996	152.025070	152.276627	152.594681	152.947250	153.301773	153.656921	153.974960	154.223877	154.399597	154.488205	154.457947	154.340454	154.122589	153.826965	153.482788	
153.154831	152.783585	152.442551	152.147461	151.919998	151.787506	151.732925	151.754715	151.837219	151.960938	152.102905	152.246857	152.363464	152.439865	152.469269	152.449921	152.373917	152.265274	152.128342	151.995285	151.874100	151.796005	151.763519	151.798325	151.920013	152.105072	152.356583	152.674606	153.027100	153.381577	153.736649	154.054626	154.303513	154.479202	154.567795	154.537552	154.420074	154.202271	153.906708	153.562592	
153.230484	152.848969	152.507721	152.212494	151.994995	151.852554	151.798065	151.820084	151.902878	152.026978	152.179367	152.313904	152.441086	152.518188	152.548340	152.519867	152.454605	152.336838	152.210663	152.068375	151.957809	151.870285	151.838165	151.883240	151.995026	152.179993	152.441254	152.748856	153.100830	153.464630	153.808990	154.126205	154.384216	154.559082	154.636932	154.615875	154.487747	154.269302	153.983170	153.628632	
153.300354	152.918884	152.577698	152.282501	152.065002	151.922531	151.868042	151.889999	151.972733	152.096786	152.239166	152.383606	152.500793	152.587830	152.608047	152.589493	152.514328	152.406555	152.280426	152.138199	152.017700	151.940201	151.908142	151.953232	152.065002	152.249985	152.511200	152.818787	153.170715	153.534439	153.878769	154.195908	154.453888	154.628738	154.706558	154.685516	154.557434	154.339020	154.042969	153.698441	
153.360245	152.978821	152.637680	152.342484	152.125000	151.982559	151.928024	151.949936	152.032654	152.156647	152.308929	152.443375	152.570465	152.647522	152.677673	152.649200	152.574051	152.466309	152.340210	152.198029	152.077591	152.000137	151.968109	152.013214	152.125015	152.309967	152.571167	152.878723	153.230591	153.594269	153.938553	154.255661	154.513596	154.688431	154.766251	154.745224	154.617172	154.398788	154.102768	153.758301	
153.414368	153.043320	152.702423	152.407455	152.179993	152.047501	151.992798	152.014435	152.096756	152.220261	152.362015	152.505798	152.622223	152.698547	152.727921	152.708603	152.632690	152.524200	152.387436	152.254608	152.133606	152.055710	152.023376	152.058289	152.180023	152.365036	152.616455	152.934311	153.276657	153.640884	153.995773	154.313583	154.562302	154.737915	154.816513	154.796265	154.678894	154.461197	154.165848	153.811951	
153.460068	153.088699	152.747620	152.452484	152.225006	152.092514	152.037979	152.049835	152.142426	152.266342	152.408569	152.552917	152.669983	152.746994	152.777161	152.758636	152.683517	152.575851	152.439865	152.307755	152.187393	152.110016	152.078079	152.113205	152.225006	152.419937	152.671112	152.988602	153.330414	153.694031	154.048187	154.365219	154.613144	154.787933	154.865753	154.844727	154.726654	154.508331	154.212402	153.858047	
153.509979	153.128662	152.787582	152.492462	152.274994	152.132523	152.077927	152.099777	152.182373	152.306229	152.448441	152.592743	152.709808	152.786804	152.816940	152.798431	152.723343	152.615677	152.479736	152.347641	152.227325	152.149994	152.118027	152.163208	152.275024	152.459946	152.721100	153.028564	153.380325	153.743896	154.088074	154.405060	154.662918	154.827744	154.915512	154.884521	154.766479	154.548187	154.252274	153.907913	
153.544128	153.173172	152.832367	152.537415	152.309998	152.177460	152.122726	152.144272	152.226501	152.349915	152.491562	152.635239	152.751617	152.827866	152.857254	152.837952	152.762070	152.653656	152.517014	152.384277	152.263382	152.185593	152.153320	152.188278	152.310013	152.495026	152.746399	153.064178	153.406418	153.770554	154.125336	154.443039	154.691711	154.867264	154.945862	154.925613	154.808289	154.590683	154.295395	153.941620	
153.569870	153.198593	152.857574	152.562469	152.345001	152.202484	152.147919	152.169693	152.252243	152.376068	152.518188	152.662460	152.779480	152.856445	152.886581	152.868073	152.793015	152.685394	152.549500	152.417465	152.297195	152.219894	152.188004	152.223190	152.345001	152.529938	152.781082	153.098480	153.450211	153.803741	154.157822	154.474777	154.722641	154.897385	154.975204	154.954178	154.836151	154.617889	154.322037	153.967758	
153.599808	153.228561	152.877548	152.582458	152.364990	152.222519	152.167892	152.189667	152.272217	152.395996	152.548096	152.682358	152.809341	152.886292	152.916428	152.887970	152.812912	152.705307	152.579391	152.437424	152.327133	152.239883	152.217987	152.253174	152.365021	152.549927	152.811050	153.118469	153.470169	153.833664	154.177765	154.494690	154.752502	154.927246	155.005051	154.984039	154.856064	154.637802	154.341965	153.997681	
153.619781	153.238556	152.897537	152.602448	152.385010	152.242508	152.187881	152.209656	152.292160	152.415955	152.568024	152.702286	152.819275	152.906189	152.926361	152.907883	152.832825	152.725220	152.599319	152.457352	152.337112	152.259857	152.227982	152.273163	152.385010	152.569931	152.831070	153.138443	153.490128	153.853622	154.197708	154.514618	154.772415	154.947144	155.024948	155.003937	154.875977	154.657715	154.361908	154.017624	
153.629761	153.258545	152.907516	152.612457	152.394989	152.252502	152.197891	152.219650	152.302155	152.425919	152.577988	152.722214	152.839188	152.916153	152.946274	152.917831	152.852737	152.735184	152.609283	152.477310	152.357086	152.269852	152.247955	152.283173	152.395020	152.589951	152.841049	153.148438	153.500122	153.863586	154.217621	154.524567	154.782364	154.957108	155.034897	155.013885	154.885910	154.667694	154.381821	154.027603	
153.629761	153.258545	152.917526	152.622467	152.404999	152.262527	152.207855	152.229630	152.312134	152.435898	152.577988	152.722214	152.839188	152.916153	152.946274	152.927780	152.852737	152.745148	152.609283	152.477310	152.357086	152.279831	152.247955	152.293182	152.405029	152.589951	152.851028	153.158401	153.510101	153.873550	154.217621	154.534546	154.782364	154.957108	155.044830	155.013885	154.895874	154.677643	154.381821	154.037582	
153.629761	153.258545	152.917526	152.622467	152.404999	152.262527	152.207855	152.229630	152.312134	152.435898	152.577988	152.722214	152.839188	152.916153	152.946274	152.927780	152.852737	152.745148	152.609283	152.477310	152.357086	152.279831	152.247955	152.293182	152.405029	152.589951	152.851028	153.158401	153.510101	153.873550	154.217621	154.534546	154.782364	154.957108	155.044830	155.013885	154.895874	154.677643	154.381821	154.037582	
153.629761	153.258545	152.907516	152.612457	152.394989	152.252502	152.197891	152.219650	152.302155	152.425919	152.577988	152.722214	152.839188	152.916153	152.946274	152.917831	152.852737	152.735184	152.609283	152.477310	152.357086	152.269852	152.247955	152.283173	152.395020	152.589951	152.841049	153.148438	153.500122	153.863586	154.217621	154.524567	154.782364	154.957108	155.034897	155.013885	154.885910	154.667694	154.381821	154.027603	
153.619781	153.238556	152.897537	152.602448	152.385010	152.242508	152.187881	152.209656	152.292160	152.415955	152.568024	152.702286	152.819275	152.906189	152.926361	152.907883	152.832825	152.725220	152.599319	152.457352	152.337112	152.259857	152.227982	152.273163	152.385010	152.569931	152.831070	153.138443	153.490128	153.853622	154.197708	154.514618	154.772415	154.947144	155.024948	155.003937	154.875977	154.657715	154.361908	154.017624	
153.599808	153.228561	152.877548	152.582458	152.364990	152.222519	152.167892	152.189667	152.272217	152.395996	152.548096	152.682358	152.809341	152.886292	152.916428	152.887970	152.812912	152.705307	152.579391	152.437424	152.327133	152.239883	152.217987	152.253174	152.365021	152.549927	152.811050	153.118469	153.470169	153.833664	154.177765	154.494690	154.752502	154.927246	155.005051	154.984039	154.856064	154.637802	154.341965	153.997681	
153.569870	153.198593	152.857574	152.562469	152.345001	152.202484	152.147919	152.169693	152.252243	152.376068	152.518188	152.662460	152.779480	152.856445	152.886581	152.868073	152.793015	152.685394	152.549500	152.417465	152.297195	152.219894	152.188004	152.223190	152.345001	152.529938	152.781082	153.098480	153.450211	153.803741	154.157822	154.474777	154.722641	154.897385	154.975204	154.954178	154.836151	154.617889	154.322037	153.967758	
153.544128	153.173172	152.832367	152.537415	152.309998	152.177460	152.122726	152.144272	152.226501	152.349915	152.491562	152.635239	152.751617	152.827866	152.857254	152.837952	152.762070	152.653656	152.517014	152.384277	152.263382	152.185593	152.153320	152.188278	152.310013	152.495026	152.746399	153.064178	153.406418	153.770554	154.125336	154.443039	154.691711	154.867264	154.945862	154.925613	154.808289	154.590683	154.295395	153.941620	
153.509979	153.128662	152.787582	152.492462	152.274994	152.132523	152.077927	152.099777	152.182373	152.306229	152.448441	152.592743	152.709808	152.786804	152.816940	152.798431	152.723343	152.615677	152.479736	152.347641	152.227325	152.149994	152.118027	152.163208	152.275024	152.459946	152.721100	153.028564	153.380325	153.743896	154.088074	154.405060	154.662918	154.827744	154.915512	154.884521	154.766479	154.548187	154.252274	153.907913	
153.460068	153.088699	152.747620	152.452484	152.225006	152.092514	152.037979	152.049835	152.142426	152.266342	152.408569	152.552917	152.669983	152.746994	152.777161	152.758636	152.683517	152.575851	152.439865	152.307755	152.187393	152.110016	152.078079	152.113205	152.225006	152.419937	152.671112	152.988602	153.330414	153.694031	154.048187	154.365219	154.613144	154.787933	154.865753	154.844727	154.726654	154.508331	154.212402	153.858047	
153.414368	153.043320	152.702423	152.407455	152.179993	152.047501	151.992798	152.014435	152.096756	152.220261	152.362015	152.505798	152.622223	152.698547	152.727921	152.708603	152.632690	152.524200	152.387436	152.254608	152.133606	152.055710	152.023376	152.058289	152.180023	152.365036	152.616455	152.934311	153.276657	153.640884	153.995773	154.313583	154.562302	154.737915	154.816513	154.796265	154.678894	154.461197	154.165848	153.811951	
153.360245	152.978821	152.637680	152.342484	152.125000	151.982559	151.928024	151.949936	152.032654	152.156647	152.308929	152.443375	152.570465	152.647522	152.677673	152.649200	152.574051	152.466309	152.340210	152.198029	152.077591	152.000137	151.968109	152.013214	152.125015	152.309967	152.571167	152.878723	153.230591	153.594269	153.938553	154.255661	154.513596	154.688431	154.766251	154.745224	154.617172	154.398788	154.102768	153.758301	
153.300354	152.918884	152.577698	152.282501	152.065002	151.922531	151.868042	151.889999	151.972733	152.096786	152.239166	152.383606	152.500793	152.587830	152.608047	152.589493	152.514328	152.406555	152.280426	152.138199	152.017700	151.940201	151.908142	151.953232	152.065002	152.249985	152.511200	152.818787	153.170715	153.534439	153.878769	154.195908	154.453888	154.628738	154.706558	154.685516	154.557434	154.339020	154.042969	153.698441	
153.230484	152.848969	152.507721	152.212494	151.994995	151.852554	151.798065	151.820084	151.902878	152.026978	152.179367	152.313904	152.441086	152.518188	152.548340	152.519867	152.454605	152.336838	152.210663	152.068375	151.957809	151.870285	151.838165	151.883240	151.995026	152.179993	152.441254	152.748856	153.100830	153.464630	153.808990	154.126205	154.384216	154.559082	154.636932	154.615875	154.487747	154.269302	153.983170	153.628632	
153.154831	152.783585	152.442551	152.147461	151.919998	151.787506	151.732925	151.754715	151.837219	151.960938	152.102905	152.246857	152.363464	152.439865	152.469269	152.449921	152.373917	152.265274	152.128342	151.995285	151.874100	151.796005	151.763519	151.798325	151.920013	152.105072	152.356583	152.674606	153.027100	153.381577	153.736649	154.054626	154.303513	154.479202	154.567795	154.537552	154.420074	154.202271	153.906708	153.562592	
153.074982	152.703674	152.362610	152.067459	151.839996	151.707520	151.652954	151.674789	151.757355	151.881165	152.023178	152.167206	152.283829	152.360275	152.389694	152.370331	152.294296	152.185608	152.048615	151.915497	151.794235	151.716095	151.683563	151.718338	151.839996	152.025070	152.276627	152.594681	152.947250	153.301773	153.656921	153.974960	154.223877	154.399597	154.488205	154.457947	154.340454	154.122589	153.826965	153.482788	
152.990906	152.609222	152.267838	151.972549	151.755005	151.612595	151.558212	151.580338	151.663315	151.787613	151.940186	152.084869	152.202225	152.279419	152.309616	152.281097	152.215759	152.097855	151.971481	151.829010	151.718246	151.630539	151.598297	151.643265	151.755005	151.940018	152.201370	152.509125	152.861252	153.225235	153.579773	153.887177	154.145325	154.320282	154.398148	154.377060	154.248871	154.030289	153.743973	153.389236	
152.901062	152.519318	152.177902	151.882553	151.665009	151.522598	151.468246	151.490448	151.573486	151.697845	151.850494	151.985291	152.112656	152.189880	152.220078	152.191559	152.116226	152.008240	151.881790	151.739243	151.618439	151.540634	151.508331	151.553253	151.665009	151.850037	152.111404	152.419205	152.771423	153.135483	153.480118	153.797546	154.055740	154.230728	154.308609	154.287506	154.159286	153.940659	153.644318	153.299469	
152.801239	152.419418	152.077927	151.782578	151.565002	151.422592	151.368317	151.390533	151.473648	151.598114	151.750854	151.895660	152.013123	152.090393	152.120605	152.092056	152.026657	151.908646	151.782135	151.639511	151.528580	151.440750	151.408401	151.453308	151.565002	151.750046	152.011459	152.319336	152.671616	153.035736	153.390427	153.697937	153.956207	154.131241	154.209122	154.188004	154.059753	153.841064	153.554626	153.199722	
152.695663	152.324097	151.982803	151.687531	151.459991	151.327576	151.273148	151.295227	151.378067	151.502167	151.644501	151.788788	151.905640	151.992188	152.011703	151.992310	151.916107	151.807190	151.669922	151.536499	151.414917	151.336517	151.303726	151.338379	151.460022	151.645126	151.896820	152.215088	152.557968	152.922745	153.278198	153.596527	153.855591	154.021515	154.110138	154.089798	153.962219	153.744125	153.448257	153.103790	
152.581635	152.209656	151.868042	151.572586	151.345001	151.212631	151.158401	151.180786	151.264053	151.388672	151.531616	151.676575	151.794174	151.881454	151.901764	151.883133	151.807709	151.699524	151.562912	151.430069	151.308975	151.230972	151.198502	151.233322	151.345001	151.540070	151.791565	152.109558	152.452011	152.816315	153.171173	153.488815	153.747192	153.922272	154.000183	153.979065	153.850708	153.631897	153.335358	152.990280	
152.471848	152.089798	151.748123	151.452606	151.235001	151.092667	151.038467	151.060913	151.144257	151.268997	151.422012	151.567062	151.684708	151.762085	151.792343	151.763748	151.698242	151.589966	151.453278	151.310379	151.199188	151.111099	151.078552	151.123322	151.235016	151.420074	151.681625	151.989670	152.342209	152.706589	153.061539	153.369308	153.627747	153.802887	153.880814	153.859665	153.731277	153.522354	153.225739	152.870590	
152.352051	151.969910	151.628174	151.332626	151.114990	150.972687	150.918518	150.941040	151.024490	151.149307	151.302399	151.447556	151.565277	151.642685	151.672989	151.644363	151.578812	151.460526	151.333679	151.190704	151.069443	150.991226	150.958633	151.003357	151.115021	151.300095	151.561707	151.869812	152.222427	152.586914	152.931992	153.249802	153.508316	153.683487	153.761429	153.740250	153.611847	153.392899	153.106125	152.750900	
152.222305	151.850067	151.498245	151.202652	150.985001	150.842697	150.788605	150.811188	150.894730	151.019669	151.172867	151.318115	151.435898	151.513397	151.543671	151.524994	151.449448	151.341019	151.204147	151.071014	150.949646	150.861374	150.828674	150.873367	150.985001	151.170105	151.431747	151.739944	152.092667	152.457245	152.812393	153.120331	153.378906	153.554138	153.632095	153.610916	153.492401	153.273392	152.976593	152.621231	
152.092529	151.710190	151.368317	151.072662	150.845001	150.712708	150.658661	150.681335	150.764969	150.889999	151.043320	151.178696	151.306534	151.384064	151.414352	151.385727	151.320053	151.201614	151.074600	150.931396	150.809906	150.731522	150.698746	150.733383	150.845001	151.040131	151.291824	151.610107	151.962891	152.317612	152.672867	152.990875	153.249527	153.424789	153.502762	153.481567	153.353043	153.133942	152.837051	152.491577	
151.957016	151.574905	151.233185	150.937622	150.709991	150.577682	150.523544	150.546051	150.629440	150.754166	150.907074	151.051910	151.169205	151.246063	151.275604	151.246170	151.179657	151.060349	150.932495	150.788483	150.666306	150.587326	150.554108	150.588470	150.710022	150.895233	151.147186	151.465897	151.819305	152.184692	152.530762	152.849609	153.109100	153.285233	153.363998	153.343567	153.215714	152.997208	152.710770	152.355728	
151.803055	151.430496	151.078430	150.782684	150.565002	150.422729	150.368820	150.391647	150.475494	150.610748	150.754333	150.899872	151.017914	151.095566	151.125900	151.107178	151.031448	150.922806	150.785599	150.652130	150.530426	150.441833	150.418900	150.453430	150.565002	150.750168	151.011963	151.320419	151.673431	152.038361	152.393829	152.712051	152.960876	153.136261	153.224213	153.202988	153.074356	152.855103	152.558014	152.202316	
151.653336	151.280670	150.928528	150.632721	150.415009	150.272766	150.218887	150.241821	150.325790	150.461151	150.604858	150.750519	150.868652	150.946335	150.976700	150.957947	150.882172	150.773438	150.636139	150.502548	150.380707	150.292023	150.258987	150.303436	150.415009	150.600204	150.862061	151.170593	151.523697	151.888748	152.244354	152.562653	152.811600	152.987015	153.074997	153.043793	152.925064	152.705734	152.408508	152.052719	
151.493622	151.120850	150.768616	150.472717	150.255005	150.112778	150.058960	150.081985	150.176056	150.301590	150.445419	150.591202	150.719376	150.797119	150.827499	150.798798	150.722946	150.614120	150.476700	150.342972	150.221008	150.132172	150.109039	150.143463	150.255005	150.440201	150.702133	151.020737	151.363983	151.729187	152.084900	152.403320	152.662308	152.837784	152.915817	152.894547	152.765823	152.546387	152.249054	151.903122	
151.333908	150.961029	150.608688	150.312744	150.095001	149.952805	149.899048	149.922165	150.006378	150.142029	150.285995	150.431885	150.550201	150.637970	150.668365	150.639633	150.563736	150.454803	150.317276	150.183395	150.061295	149.972351	149.939148	149.983490	150.095001	150.280228	150.542221	150.850952	151.204300	151.569595	151.925461	152.243988	152.503067	152.678604	152.756653	152.735382	152.606567	152.387054	152.089615	151.733551	
151.164230	150.791214	150.438766	150.142776	149.924988	149.782822	149.729126	149.752350	149.846695	149.972473	150.126556	150.262604	150.390976	150.468857	150.499268	150.470520	150.404510	150.285522	150.157837	150.013855	149.891617	149.802536	149.779205	149.813507	149.925018	150.110260	150.372299	150.681122	151.034622	151.400055	151.756042	152.074707	152.333862	152.509476	152.587540	152.566238	152.437378	152.217758	151.920197	151.573990	
150.994553	150.621399	150.268845	149.972794	149.755005	149.612839	149.559235	149.582550	149.667007	149.802933	149.947189	150.093338	150.211868	150.299744	150.330185	150.301422	150.225388	150.116257	149.978455	149.844315	149.721924	149.632736	149.599319	149.643539	149.754990	149.940262	150.202408	150.511307	150.864929	151.230499	151.586639	151.905426	152.154724	152.340347	152.418427	152.397095	152.268173	152.048477	151.750778	151.394455	
150.814880	150.441589	150.088959	149.792831	149.575012	149.432877	149.379303	149.402756	149.487366	149.623413	149.767822	149.914108	150.042679	150.120682	150.151169	150.122360	150.046265	149.937042	149.799103	149.664795	149.542282	149.452942	149.419403	149.463547	149.574997	149.760300	150.022461	150.331528	150.685257	151.050980	151.407272	151.726166	151.985535	152.161240	152.239380	152.218033	152.089035	151.869232	151.571396	151.224915	
150.635208	150.251801	149.909058	149.612839	149.385010	149.242920	149.189407	149.222961	149.307693	149.433945	149.588455	149.734894	149.853622	149.931702	149.962189	149.943314	149.867142	149.757797	149.619736	149.475327	149.352631	149.273148	149.239517	149.273560	149.385010	149.580338	149.832581	150.151703	150.495605	150.871460	151.217926	151.536972	151.796432	151.972229	152.060318	152.028992	151.909897	151.689972	151.392014	151.035416	
150.445557	150.062012	149.709152	149.422867	149.195007	149.052917	148.999527	149.033173	149.118042	149.244461	149.399155	149.545700	149.664536	149.742691	149.773224	149.754318	149.678070	149.568619	149.430420	149.285843	149.162994	149.083344	149.049591	149.083588	149.195007	149.390366	149.642700	149.961929	150.305969	150.681976	151.028595	151.347763	151.607346	151.783218	151.871323	151.849930	151.720795	151.500763	151.202698	150.845901	
150.245926	149.872238	149.519241	149.222900	149.005005	148.862946	148.809616	148.833405	148.918427	149.054993	149.199844	149.346573	149.475479	149.553711	149.584244	149.555389	149.489014	149.369476	149.231125	149.096359	148.973343	148.883575	148.849701	148.893631	149.005005	149.190384	149.452774	149.762146	150.116318	150.482513	150.839249	151.158585	151.418243	151.594208	151.672379	151.650940	151.521759	151.301605	151.003372	150.656433	
150.050522	149.677002	149.324142	149.027878	148.800003	148.667923	148.614532	148.638184	148.723022	148.859314	149.003845	149.150101	149.278473	149.356064	149.385864	149.356171	149.288925	149.168503	149.029251	148.893646	148.769867	148.679459	148.645111	148.678726	148.800018	148.985489	149.238190	149.558044	149.912842	150.279800	150.637375	150.957581	151.218170	151.394958	151.473969	151.453278	151.324738	151.105148	150.807343	150.460739	
149.836685	149.462677	149.109467	148.812958	148.595001	148.453018	148.399841	148.423859	148.519196	148.646103	148.801285	148.948303	149.067520	149.145889	149.176483	149.157501	149.081024	148.971222	148.832565	148.687469	148.564117	148.474045	148.449921	148.483688	148.595001	148.780426	149.042984	149.352600	149.707092	150.073624	150.430695	150.750320	151.010254	151.186325	151.274521	151.253021	151.123672	150.903305	150.604767	150.247528	
149.627090	149.252930	148.899567	148.602966	148.385010	148.243027	148.189926	148.214096	148.299606	148.436676	148.592041	148.739227	148.858551	148.937027	148.967651	148.948624	148.872086	148.762146	148.623306	148.478058	148.354523	148.264267	148.230026	148.273712	148.385010	148.570465	148.833115	149.142868	149.497482	149.864197	150.221451	150.541214	150.801254	150.977417	151.065628	151.034164	150.914688	150.694183	150.395508	150.038071	
149.417480	149.033173	148.679672	148.383011	148.165009	148.023056	147.970078	147.994354	148.090012	148.217285	148.372849	148.520187	148.649612	148.728149	148.758789	148.729797	148.653168	148.543091	148.404099	148.258667	148.134933	148.054504	148.020126	148.053726	148.164993	148.350510	148.613220	148.923096	149.277908	149.654770	150.012177	150.332108	150.582321	150.768509	150.846802	150.825272	150.695755	150.475128	150.176285	149.818665	
149.197906	148.813416	148.459793	148.163040	147.945007	147.803085	147.750183	147.774597	147.870422	147.997910	148.153641	148.301147	148.420746	148.509338	148.540009	148.511002	148.434265	148.324051	148.184906	148.039276	147.915359	147.824783	147.790237	147.833771	147.944992	148.130524	148.393341	148.703354	149.058319	149.425400	149.783005	150.103104	150.363388	150.539719	150.627975	150.606430	150.476807	150.256058	149.957062	149.599258	
148.968338	148.583679	148.229935	147.933060	147.714996	147.573120	147.520294	147.554855	147.640884	147.778519	147.924469	148.072174	148.201843	148.280563	148.311279	148.282227	148.215363	148.095078	147.955734	147.819885	147.685806	147.605042	147.570374	147.603790	147.715012	147.900574	148.163452	148.483597	148.828751	149.205994	149.563782	149.884033	150.144455	150.320862	150.399216	150.377625	150.257889	150.037003	149.727859	149.369888	
148.738785	148.353958	148.000061	147.703110	147.485001	147.343155	147.290436	147.315125	147.411331	147.539185	147.695328	147.843185	147.973007	148.051819	148.082550	148.053467	147.986526	147.866089	147.726578	147.580536	147.456238	147.365295	147.340485	147.373825	147.485016	147.670578	147.933578	148.243866	148.599182	148.966644	149.334610	149.655029	149.915604	150.092087	150.170456	150.148819	150.019058	149.798050	149.498688	149.140533	
148.499237	148.114212	147.770157	147.463135	147.244995	147.103180	147.050552	147.085403	147.171783	147.309830	147.466171	147.614197	147.734207	147.813110	147.843887	147.824722	147.747726	147.627136	147.487442	147.351196	147.226685	147.135574	147.100632	147.133850	147.245026	147.430634	147.693710	148.014145	148.369629	148.737289	149.095459	149.416077	149.676773	149.853348	149.941711	149.910095	149.790207	149.569031	149.269516	148.911148	
148.259689	147.874512	147.520294	147.223175	147.005005	146.863205	146.810699	146.835693	146.932251	147.070496	147.217087	147.375259	147.495422	147.574432	147.605225	147.586029	147.508926	147.388229	147.248337	147.111862	146.977173	146.895844	146.860748	146.893875	147.004990	147.190674	147.453842	147.764435	148.120102	148.497940	148.856323	149.177109	149.437958	149.614609	149.693069	149.671371	149.551361	149.330063	149.030365	148.671799	
148.010162	147.634766	147.280426	146.983231	146.755005	146.613235	146.560822	146.595963	146.682739	146.821198	146.977951	147.126373	147.246704	147.335739	147.366577	147.337387	147.260193	147.149292	147.009201	146.862564	146.737640	146.646133	146.610870	146.643936	146.755005	146.940689	147.203964	147.524704	147.880569	148.248642	148.607239	148.928223	149.189194	149.365952	149.454361	149.432648	149.302597	149.081146	148.781250	148.422485	
147.760651	147.375076	147.020569	146.723251	146.505005	146.363281	146.310959	146.346252	146.433228	146.571915	146.728882	146.877487	146.997971	147.087112	147.117981	147.088760	147.011475	146.900406	146.760132	146.613266	146.488129	146.396423	146.361008	146.393967	146.505020	146.690735	146.954117	147.274994	147.631073	147.999329	148.358139	148.679306	148.940445	149.117279	149.205750	149.183960	149.053833	148.832230	148.532150	148.173172	
147.511124	147.125351	146.770706	146.473267	146.244995	146.103333	146.061096	146.086563	146.173737	146.312653	146.469849	146.618668	146.749237	146.828522	146.859436	146.830200	146.762756	146.641571	146.501099	146.354004	146.228638	146.136734	146.101166	146.133987	146.245026	146.440750	146.694229	147.015305	147.371552	147.740051	148.099075	148.430405	148.691681	148.868622	148.947174	148.925354	148.805084	148.573380	148.273087	147.913895	
147.241669	146.865662	146.510849	146.213318	145.985001	145.843369	145.791260	145.826889	145.914261	146.053391	146.210815	146.359848	146.490585	146.569977	146.600922	146.571640	146.504089	146.382736	146.242050	146.094742	145.969131	145.877045	145.841278	145.874023	145.985016	146.170792	146.434387	146.755600	147.112061	147.480789	147.840027	148.161591	148.432968	148.610016	148.688583	148.666748	148.546371	148.314514	148.014038	147.654617	
146.986374	146.600510	146.245773	145.948288	145.720001	145.588348	145.536179	145.561752	145.658981	145.797928	145.955063	146.103699	146.223984	146.312714	146.342926	146.312820	146.234421	146.122070	145.970490	145.832230	145.695831	145.603027	145.566742	145.599136	145.720016	145.905914	146.159836	146.481583	146.838745	147.218262	147.578400	147.900909	148.163284	148.341217	148.430573	148.409439	148.279739	148.058334	147.758255	147.399124	
146.712692	146.326294	145.971146	145.673386	145.445007	145.313446	145.261520	145.287506	145.385300	145.524902	145.682800	145.832245	145.953354	146.042908	146.073929	146.044556	145.966858	145.855133	145.704071	145.566254	145.430206	145.337677	145.301590	145.334106	145.445023	145.640869	145.894699	146.216232	146.573135	146.952271	147.311981	147.633942	147.895706	148.072937	148.161514	148.139603	148.009079	147.786835	147.485962	147.126083	
146.433228	146.056610	145.701294	145.393433	145.174988	145.033478	144.981674	145.017853	145.105865	145.245712	145.403854	145.553528	145.684753	145.764481	145.795532	145.776077	145.698257	145.576401	145.435089	145.287048	145.160751	145.067993	145.031754	145.064148	145.175003	145.360916	145.624832	145.946548	146.303650	146.673065	147.033005	147.365128	147.627045	147.804413	147.883072	147.861115	147.740417	147.518021	147.206970	146.846878	
146.163773	145.776932	145.421432	145.113464	144.894989	144.753510	144.701843	144.738159	144.826416	144.966522	145.124908	145.284760	145.406219	145.495987	145.527069	145.497650	145.419739	145.297684	145.156143	145.007858	144.881302	144.788315	144.751877	144.784180	144.895004	145.080963	145.344986	145.666885	146.024216	146.393860	146.754044	147.086380	147.348465	147.525925	147.614578	147.592606	147.461823	147.239273	146.937973	146.567657	
145.878555	145.491821	145.136398	144.838455	144.610001	144.478516	144.426804	144.453064	144.551193	144.691132	144.849243	144.998749	145.129700	145.208923	145.239288	145.218964	145.140137	145.017136	144.874634	144.725418	144.598007	144.504318	144.457367	144.499298	144.610016	144.796082	145.060455	145.372910	145.730927	146.111420	146.472519	146.795853	147.068848	147.247223	147.326752	147.305481	147.185272	146.963211	146.652328	146.292252	
145.594894	145.207596	144.841766	144.543564	144.325012	144.183594	144.132156	144.168854	144.257568	144.398178	144.557068	144.717361	144.839203	144.929184	144.960373	144.930862	144.852707	144.730301	144.588303	144.439514	144.312439	144.219009	144.182190	144.214264	144.325027	144.511047	144.775299	145.097565	145.455338	145.825500	146.186157	146.518951	146.781387	146.959061	147.047791	147.025711	146.894730	146.671814	146.370071	145.999268	
145.295471	144.907974	144.551910	144.253601	144.024994	143.893631	143.842331	143.869217	143.968170	144.109024	144.268188	144.428711	144.550720	144.640854	144.672043	144.642502	144.564224	144.441635	144.299408	144.150360	144.023041	143.929352	143.882385	143.924301	144.025009	144.221069	144.485474	144.797928	145.155945	145.536331	145.897247	146.230255	146.492874	146.670670	146.759415	146.737320	146.606201	146.383118	146.081161	145.710098	
145.006073	144.618301	144.262070	143.953644	143.735001	143.593689	143.542496	143.579575	143.678741	143.819885	143.979294	144.130112	144.262268	144.342545	144.373795	144.344193	144.265793	144.152985	144.000549	143.851242	143.723633	143.629700	143.592529	143.624329	143.735016	143.921112	144.185623	144.508286	144.866516	145.237198	145.608322	145.931625	146.194397	146.382263	146.461121	146.438980	146.317703	146.084488	145.782288	145.420944	
144.706665	144.318665	143.962250	143.653671	143.434998	143.293716	143.242661	143.279922	143.369385	143.520767	143.680450	143.831512	143.963852	144.044250	144.075562	144.055847	143.967392	143.854385	143.711685	143.552124	143.424240	143.330078	143.292694	143.324371	143.435013	143.621170	143.885803	144.208633	144.567123	144.938065	145.309464	145.632980	145.895950	146.083923	146.162827	146.140625	146.019257	145.785843	145.483398	145.121796	
144.397293	144.009048	143.652435	143.353729	143.125000	142.983780	142.942825	142.970322	143.069992	143.211685	143.371643	143.532913	143.655502	143.746002	143.777328	143.747650	143.668991	143.545837	143.402878	143.253006	143.124847	143.020447	142.982864	143.014420	143.125015	143.321213	143.575974	143.899017	144.257751	144.638947	145.000626	145.334366	145.597519	145.775650	145.864532	145.842300	145.710846	145.487198	145.184525	144.812683	
144.097885	143.699417	143.342590	143.043762	142.815002	142.683823	142.632996	142.660690	142.760620	142.902618	143.072800	143.224365	143.357101	143.437759	143.469162	143.449387	143.360641	143.247238	143.094086	142.943939	142.815491	142.720825	142.673050	142.704483	142.815018	143.011276	143.266174	143.589386	143.958359	144.329849	144.691818	145.025772	145.289139	145.477356	145.556320	145.534042	145.412399	145.178604	144.875687	144.513550	
143.778549	143.389801	143.032776	142.733795	142.505005	142.363846	142.323181	142.351059	142.451279	142.593521	142.754059	142.915833	143.048782	143.129562	143.160995	143.131210	143.052307	142.938705	142.785263	142.634857	142.506134	142.401199	142.363220	142.394516	142.505020	142.691315	142.956329	143.279770	143.639023	144.020752	144.383011	144.717209	144.980743	145.169083	145.248108	145.225784	145.104019	144.870041	144.566864	144.204453	
143.469177	143.080185	142.712952	142.413864	142.184998	142.053909	142.003357	142.041458	142.141922	142.284470	142.445282	142.597366	142.730499	142.821381	142.852829	142.823029	142.743973	142.620224	142.476486	142.325760	142.186768	142.091583	142.053406	142.084564	142.185013	142.381348	142.646515	142.960175	143.329651	143.701691	144.074188	144.398697	144.672379	144.850891	144.939911	144.917526	144.785690	144.561462	144.248093	143.885391	
143.149826	142.760574	142.393127	142.093903	141.864990	141.733948	141.683548	141.721863	141.822571	141.965424	142.126541	142.288818	142.412247	142.503250	142.534760	142.504883	142.425720	142.301743	142.157745	142.006744	141.867462	141.772003	141.733597	141.764603	141.865005	142.061386	142.326706	142.640549	143.010300	143.382645	143.755432	144.080185	144.354080	144.532715	144.621750	144.599335	144.467377	144.242950	143.939270	143.566330	
142.830490	142.430969	142.073334	141.773941	141.544998	141.404007	141.363724	141.392273	141.493271	141.636429	141.807800	141.960419	142.093979	142.185104	142.216675	142.186768	142.107468	141.983261	141.839005	141.677719	141.548111	141.442398	141.403763	141.434647	141.545013	141.731445	141.996887	142.320953	142.680984	143.063599	143.436661	143.761673	144.035767	144.214539	144.303619	144.281174	144.149063	143.924423	143.610535	143.247269	
142.501190	142.111374	141.743515	141.444000	141.214996	141.084061	141.033920	141.072662	141.173950	141.317398	141.479111	141.641953	141.775726	141.857071	141.888657	141.858704	141.779266	141.654846	141.510300	141.358704	141.218796	141.122787	141.083954	141.104691	141.215012	141.411484	141.667068	141.991348	142.361664	142.734573	143.107941	143.443192	143.707535	143.896362	143.975571	143.953049	143.830765	143.595978	143.291779	142.918228	
142.171860	141.781784	141.413712	141.114044	140.885010	140.754105	140.704117	140.743103	140.844650	140.988403	141.150421	141.313538	141.447540	141.529007	141.560669	141.540604	141.451080	141.336411	141.181625	141.029709	140.889511	140.793213	140.744171	140.774734	140.885025	141.081543	141.337265	141.661789	142.032349	142.405563	142.779236	143.114746	143.379303	143.568268	143.647507	143.624954	143.502518	143.267517	142.963043	142.589218	
141.842545	141.442200	141.083893	140.784103	140.554993	140.414154	140.364319	140.403534	140.505371	140.659424	140.821762	140.985138	141.119354	141.200974	141.232681	141.202606	141.122894	140.998047	140.852966	140.690735	140.560211	140.453644	140.414352	140.444794	140.555008	140.741592	141.007492	141.332199	141.693069	142.076553	142.450531	142.776337	143.051071	143.240189	143.319443	143.296860	143.174286	142.939072	142.634338	142.260208	
141.503265	141.112625	140.744095	140.444153	140.214996	140.074203	140.034515	140.063950	140.176071	140.320465	140.483109	140.646805	140.781250	140.872955	140.904694	140.874588	140.794708	140.669662	140.514313	140.361755	140.220932	140.124054	140.074554	140.104843	140.215012	140.401642	140.667648	140.992630	141.363754	141.737595	142.111877	142.447906	142.712906	142.902145	142.991409	142.968765	142.836136	142.610641	142.295670	141.921234	
141.163956	140.773056	140.404297	140.104202	139.875000	139.734253	139.694717	139.724396	139.836807	139.981522	140.144501	140.308472	140.443146	140.534988	140.566803	140.536636	140.456619	140.331314	140.175690	140.022797	139.881653	139.784485	139.734741	139.764893	139.875015	140.061691	140.327866	140.653061	141.024475	141.398636	141.773224	142.109543	142.374741	142.564133	142.653442	142.630737	142.497971	142.272247	141.957016	141.592224	
140.824692	140.423508	140.064499	139.754257	139.535004	139.394318	139.344925	139.384827	139.487564	139.642578	139.805878	139.970154	140.105042	140.197037	140.228882	140.198700	140.118530	139.992996	139.837067	139.683868	139.542374	139.434937	139.394958	139.424957	139.535019	139.721741	139.988098	140.313477	140.675217	141.059677	141.434570	141.771164	142.036621	142.226135	142.315475	142.292740	142.159805	141.933853	141.618332	141.243286	
140.475433	140.083939	139.714706	139.414307	139.184998	139.044357	139.005127	139.035278	139.148285	139.293671	139.467270	139.631821	139.757019	139.849182	139.881073	139.850800	139.770477	139.644714	139.488495	139.334946	139.193130	139.095383	139.045151	139.074997	139.185013	139.371811	139.638275	139.963943	140.335953	140.720703	141.085983	141.422867	141.698486	141.878189	141.967590	141.944778	141.821655	141.585556	141.269745	140.904312	
140.126175	139.734375	139.364914	139.064362	138.834991	138.694427	138.655334	138.685745	138.799042	138.944778	139.118713	139.283569	139.418945	139.501297	139.533249	139.512878	139.422470	139.296448	139.149887	138.986053	138.843903	138.745834	138.695374	138.725082	138.835007	139.021866	139.288513	139.614395	139.986694	140.371811	140.737381	141.074570	141.350388	141.540207	141.619705	141.596848	141.473587	141.237228	140.931076	140.555389	
139.776932	139.384827	139.015137	138.704422	138.485001	138.344482	138.295563	138.336197	138.449829	138.595871	138.770142	138.935318	139.070938	139.153427	139.185455	139.155075	139.074448	138.948196	138.791367	138.637146	138.494659	138.396271	138.345566	138.375107	138.485016	138.671921	138.938690	139.264847	139.637436	140.012924	140.388809	140.726257	141.002319	141.192291	141.271851	141.248932	141.125504	140.888947	140.582489	140.206451	
139.427673	139.025284	138.665344	138.354477	138.125000	137.984528	137.945770	137.986649	138.090607	138.246994	138.411652	138.577118	138.712982	138.805603	138.837662	138.807220	138.726440	138.599960	138.442825	138.288269	138.145432	138.036743	137.995789	138.015167	138.125015	138.321976	138.578918	138.905304	139.278229	139.664001	140.040222	140.377991	140.644318	140.834442	140.923981	140.901016	140.767502	140.540634	140.223953	139.847580	
139.068466	138.665756	138.305542	137.994537	137.764999	137.634583	137.585999	137.627136	137.731400	137.888138	138.063110	138.228897	138.364990	138.447815	138.479935	138.459396	138.368500	138.241776	138.084320	137.929413	137.786209	137.677216	137.636002	137.665207	137.765015	137.962021	138.229126	138.555756	138.919022	139.305130	139.681686	140.019760	140.296295	140.486542	140.566208	140.543182	140.419449	140.182388	139.875351	139.498657	
138.709244	138.306229	137.945770	137.634583	137.404999	137.274643	137.226212	137.267609	137.372208	137.529297	137.704620	137.870712	138.007065	138.090073	138.122223	138.101639	138.010590	137.883606	137.725830	137.570572	137.427017	137.317688	137.276230	137.295273	137.405014	137.602097	137.869354	138.196228	138.559814	138.946259	139.323166	139.661545	139.938324	140.128708	140.208435	140.195297	140.061462	139.824173	139.516830	139.139786	
138.350037	137.946701	137.575989	137.274643	137.044998	136.904694	136.866440	136.908081	137.013016	137.170456	137.346130	137.512558	137.649155	137.732315	137.764526	137.743881	137.652664	137.525436	137.367340	137.211716	137.067810	136.958160	136.906433	136.935318	137.045013	137.232147	137.499588	137.826721	138.200607	138.587402	138.964645	139.303329	139.580353	139.770905	139.850662	139.837479	139.703491	139.465958	139.148346	138.780930	
137.980850	137.587173	137.216202	136.904694	136.674988	136.544754	136.496658	136.538574	136.653809	136.801651	136.977707	137.144440	137.281311	137.374573	137.406845	137.376205	137.294785	137.167282	137.008865	136.842911	136.698639	136.588669	136.546677	136.575378	136.675003	136.872208	137.139816	137.467209	137.831406	138.218582	138.596191	138.935181	139.212448	139.403168	139.492920	139.469727	139.335571	139.107742	138.789810	138.412079	
137.625870	137.222229	136.851257	136.539719	136.309998	136.179764	136.131699	136.173645	136.288879	136.446640	136.612579	136.789001	136.925476	137.008240	137.039810	137.018250	136.925919	136.797363	136.637878	136.470886	136.325638	136.224823	136.172211	136.200531	136.310013	136.497345	136.765350	137.093369	137.468384	137.856506	138.235138	138.575180	138.853485	139.045151	139.125809	139.113266	138.979675	138.742294	138.424652	138.057022	
137.256699	136.852722	136.481476	136.169769	135.940002	135.809830	135.761932	135.804153	135.919724	136.077850	136.254120	136.420929	136.557663	136.650528	136.682159	136.650604	136.558090	136.429276	136.269455	136.112045	135.956467	135.855331	135.802444	135.830597	135.940018	136.127411	136.395584	136.723877	137.099197	137.487701	137.866684	138.207062	138.485596	138.677429	138.768082	138.745544	138.611786	138.384125	138.066147	137.688202	
136.883286	136.478653	136.106903	135.794861	135.565002	135.424927	135.387344	135.430084	135.546326	135.705261	135.872452	136.050140	136.187805	136.281540	136.313995	136.283188	136.191315	136.063019	135.903610	135.736542	135.591141	135.480179	135.437363	135.455582	135.565018	135.762390	136.030502	136.358704	136.723892	137.122131	137.500793	137.840744	138.118744	138.309952	138.399857	138.376511	138.241867	138.003311	137.694382	137.315567	
136.504150	136.099167	135.727142	135.424942	135.195007	135.055008	135.017593	135.060593	135.167206	135.326523	135.504059	135.672134	135.819992	135.904007	135.936508	135.915573	135.823502	135.694962	135.535202	135.367767	135.222000	135.110687	135.057617	135.085632	135.195023	135.382462	135.650757	135.979218	136.354736	136.743378	137.122391	137.462692	137.740967	137.932312	138.022278	138.008789	137.873993	137.635208	137.315994	136.936798	
136.134979	135.729691	135.357361	135.044983	134.815002	134.675064	134.637833	134.681107	134.798050	134.957748	135.135666	135.304077	135.442291	135.536377	135.568939	135.538010	135.455719	135.316956	135.156860	134.989044	134.842865	134.731201	134.687836	134.705704	134.815018	135.002518	135.270996	135.609741	135.975601	136.374573	136.753983	137.094589	137.373108	137.564636	137.654663	137.631180	137.496201	137.267090	136.947540	136.568008	
135.755844	135.350189	134.977631	134.665070	134.434998	134.295120	134.258072	134.301651	134.418945	134.579025	134.757339	134.926102	135.074509	135.158859	135.191483	135.160477	135.078003	134.948914	134.788452	134.620255	134.463745	134.361710	134.308075	134.325745	134.435013	134.632568	134.901230	135.230240	135.606445	135.995834	136.375595	136.716553	136.995346	137.187027	137.277100	137.253555	137.128357	136.889053	136.569168	136.189240	
135.376724	134.970718	134.597855	134.285126	134.054993	133.915176	133.878326	133.922165	134.039825	134.200317	134.378998	134.548126	134.696823	134.791260	134.823944	134.792892	134.700333	134.570938	134.410141	134.241562	134.084625	133.982239	133.928314	133.945831	134.055008	134.252625	134.511490	134.850769	135.227325	135.617081	135.997253	136.338516	136.617584	136.819366	136.899567	136.885895	136.750595	136.511002	136.190781	135.810486	
134.997604	134.591232	134.218109	133.905182	133.674988	133.535233	133.498566	133.542709	133.660721	133.821594	134.000687	134.170151	134.319138	134.413757	134.446503	134.415375	134.322632	134.192963	134.031815	133.862823	133.705505	133.592789	133.548569	133.565887	133.675003	133.862701	134.131729	134.471298	134.838226	135.238342	135.618881	135.960510	136.239822	136.441788	136.531982	136.508316	136.372833	136.132980	135.812408	135.431732	
134.622711	134.216339	133.833160	133.520203	133.290009	133.160278	133.113632	133.167816	133.285858	133.446716	133.625687	133.794922	133.943512	134.027679	134.059723	134.037674	133.943924	133.813202	133.640991	133.470917	133.322571	133.208969	133.154114	133.181015	133.290024	133.477844	133.747284	134.077515	134.455276	134.846405	135.237991	135.580704	135.861099	136.054077	136.145111	136.132095	135.997147	135.757675	135.437378	135.056824	
134.229385	133.822311	133.448608	133.135315	132.904999	132.765381	132.729080	132.773788	132.892548	133.054230	133.244080	133.414276	133.553864	133.648849	133.681717	133.650482	133.567291	133.427094	133.265228	133.095444	132.947311	132.833832	132.779068	132.796005	132.905014	133.092834	133.362228	133.702377	134.079987	134.470932	134.852249	135.204514	135.484390	135.676743	135.767029	135.743240	135.617371	135.376953	135.055710	134.664291	
133.850281	133.442856	133.058853	132.745377	132.514999	132.385452	132.339340	132.394333	132.503479	132.675537	132.855835	133.026398	133.176208	133.271393	133.304321	133.273010	133.179703	133.049179	132.886963	132.706787	132.558243	132.444382	132.389313	132.416061	132.515015	132.712891	132.982483	133.312927	133.690918	134.082260	134.473923	134.816574	135.096741	135.299210	135.389557	135.365723	135.229706	134.988998	134.667404	134.285568	
133.465424	133.057968	132.683914	132.360413	132.130005	132.000458	131.954407	132.009476	132.128632	132.290710	132.470917	132.651199	132.790710	132.885345	132.917587	132.885422	132.801071	132.659515	132.496185	132.324860	132.165329	132.050629	131.994888	132.021210	132.130005	132.318054	132.588058	132.919159	133.298004	133.700317	134.083115	134.436829	134.718033	134.911545	135.002747	134.979599	134.854065	134.613754	134.292389	133.900711	
133.076355	132.668503	132.294174	131.980453	131.740005	131.610519	131.574661	131.620041	131.739563	131.902069	132.092636	132.263351	132.413086	132.507919	132.540222	132.507980	132.413513	132.271683	132.107925	131.936218	131.776260	131.661194	131.605148	131.631256	131.740021	131.928116	132.198303	132.529724	132.908936	133.311661	133.694855	134.048935	134.330414	134.524109	134.615341	134.602081	134.466431	134.225830	133.904114	133.521988	
132.687286	132.279083	131.904434	131.590515	131.350006	131.220596	131.184921	131.230606	131.350525	131.513428	131.704422	131.875504	132.025558	132.120560	132.152939	132.120621	132.025986	131.893768	131.719727	131.547592	131.387222	131.271744	131.215408	131.241333	131.350021	131.538193	131.808563	132.140289	132.519882	132.923004	133.306610	133.661041	133.942795	134.146606	134.237930	134.214645	134.078812	133.837936	133.515854	133.133316	
132.293976	131.885056	131.509888	131.185638	130.955002	130.825699	130.780380	130.836594	130.957230	131.120987	131.312927	131.484955	131.635956	131.731873	131.765076	131.733505	131.639465	131.507751	131.334061	131.162201	131.002014	130.886658	130.830383	130.856323	130.955017	131.153183	131.423523	131.755188	132.134644	132.537582	132.920898	133.274948	133.556198	133.759384	133.849976	133.825882	133.689133	133.447311	133.124268	132.740814	
131.904922	131.495621	131.110153	130.795715	130.565002	130.425781	130.390640	130.447174	130.568192	130.732376	130.924728	131.097153	131.248459	131.344559	131.377823	131.346176	131.251923	131.119919	130.945862	130.773575	130.612961	130.497223	130.440628	130.456406	130.565018	130.753235	131.033783	131.365753	131.745590	132.148941	132.532669	132.887085	133.168625	133.371994	133.462631	133.438461	133.301529	133.059418	132.736023	132.352173	
131.515854	131.096207	130.720413	130.405777	130.174988	130.035843	130.000916	130.047760	130.169174	130.343781	130.536530	130.709351	130.860962	130.957260	130.990585	130.958878	130.864441	130.722183	130.557678	130.384964	130.223923	130.107788	130.050888	130.066467	130.174988	130.363312	130.634064	130.976303	131.356537	131.750336	132.144424	132.499222	132.781067	132.984604	133.075317	133.051086	132.913956	132.671555	132.347794	131.953552	
131.126816	130.706772	130.330688	130.005844	129.774994	129.645905	129.601196	129.658325	129.780151	129.955170	130.138428	130.321579	130.473465	130.569977	130.603348	130.571594	130.476959	130.334381	130.169510	129.986404	129.834885	129.708374	129.651169	129.676544	129.774994	129.973373	130.244339	130.576889	130.957520	131.361710	131.756226	132.101440	132.393509	132.587296	132.688004	132.663696	132.526398	132.283707	131.959564	131.564911	
130.727798	130.317352	129.930954	129.615906	129.385010	129.245987	129.211456	129.258926	129.391129	129.556625	129.750275	129.933807	130.076065	130.172775	130.206223	130.174393	130.089493	129.946609	129.771393	129.597809	129.435883	129.318970	129.261429	129.276596	129.385010	129.573456	129.844620	130.187469	130.568481	130.973083	131.358078	131.713608	132.005966	132.199951	132.290787	132.276337	132.138840	131.895859	131.571350	131.176285	
130.338760	129.917938	129.541229	129.216003	128.985001	128.856049	128.811737	128.869522	128.992142	129.168045	129.362122	129.536102	129.688614	129.785507	129.819031	129.787125	129.692093	129.558838	129.383240	129.209229	129.046844	128.919556	128.861710	128.886673	128.985016	129.183517	129.454865	129.788071	130.179443	130.574524	130.969879	131.325790	131.608505	131.812607	131.903519	131.879059	131.751312	131.508026	131.173187	130.787674	
129.949722	129.528519	129.141510	128.826050	128.595001	128.456116	128.422012	128.470108	128.603104	128.769501	128.964020	129.148346	129.301178	129.398270	129.431870	129.399887	129.304657	129.161163	128.995102	128.810684	128.647873	128.530136	128.472000	128.486740	128.595001	128.783600	129.055161	129.398666	129.780441	130.185928	130.581711	130.928040	131.220993	131.415344	131.516251	131.491730	131.353851	131.110260	130.784988	130.389084	
129.550720	129.129135	128.751785	128.426132	128.195007	128.056198	128.022293	128.080719	128.204132	128.380936	128.575912	128.760620	128.903824	129.011063	129.044724	129.012650	128.917236	128.773422	128.597015	128.422104	128.258865	128.130753	128.072266	128.086823	128.195007	128.383667	128.665436	128.999252	129.381439	129.787369	130.183594	130.540253	130.833511	131.028046	131.119080	131.104431	130.966354	130.722458	130.386856	130.000473	
129.151733	128.739731	128.352066	128.036209	127.794998	127.666267	127.632576	127.681343	127.815140	127.982422	128.177841	128.362961	128.516418	128.613937	128.647659	128.615540	128.519897	128.375778	128.208893	128.023590	127.859871	127.741348	127.672539	127.696884	127.795006	127.993736	128.265717	128.599854	128.992432	129.398788	129.795425	130.142517	130.436096	130.640762	130.731857	130.707199	130.578857	130.334671	129.998672	129.601913	
128.762726	128.340332	127.952347	127.636284	127.404999	127.266342	127.232857	127.291939	127.416176	127.593880	127.789742	127.975258	128.129044	128.226746	128.260544	128.228348	128.132507	127.988060	127.810844	127.635033	127.470879	127.341942	127.282814	127.296944	127.405022	127.593819	127.865997	128.210464	128.593460	129.000244	129.397324	129.754761	130.048630	130.243561	130.344650	130.319916	130.181458	129.936951	129.610519	129.213333	
